102
102,117
102,117,119
102,117,119,85
102,117,119,85,134
102,117,119,85,134,104
102,117,119,85,134,104,133
102,117,119,85,134,104,133,135
102,117,119,85,134,104,133,135,150
102,117,119,85,134,104,133,135,150,118
102,117,119,85,134,104,133,135,150,118,152
102,117,119,85,134,104,133,135,150,118,152,167
102,117,119,85,134,104,133,135,150,118,152,167,149
102,117,119,85,134,104,133,135,150,118,152,167,149,151
102,117,119,85,134,104,133,135,150,118,152,167,149,151,164
102,117,119,85,134,104,133,135,150,118,152,167,149,151,164,179
102,117,119,85,134,104,133,135,150,118,152,167,149,151,164,179,183
102,117,119,85,134,104,133,135,150,118,152,167,149,151,164,179,183,166
102,117,119,85,134,104,133,135,150,118,152,167,149,151,164,179,183,166,181
102,117,119,85,134,104,133,135,150,118,152,167,149,151,164,179,183,166,181,147
102,117,119,85,134,104,133,135,150,118,152,167,149,151,164,179,183,166,181,147,184
102,117,119,85,134,104,133,135,150,118,152,167,149,151,164,179,183,166,181,147,184,182
102,117,119,85,134,104,133,135,150,118,152,167,149,151,164,179,183,166,181,147,184,182,197
102,117,119,85,134,104,133,135,150,118,152,167,149,151,164,179,183,166,181,147,184,182,197,165
102,117,119,85,134,104,133,135,150,118,152,167,149,151,164,179,183,166,181,147,184,182,197,165,168
102,117,119,85,134,104,133,135,150,118,152,167,149,151,164,179,183,166,181,147,184,182,197,165,168,136
102,117,119,85,134,104,133,135,150,118,152,167,149,151,164,179,183,166,181,147,184,182,197,165,168,136,198
102,117,119,85,134,104,133,135,150,118,152,167,149,151,164,179,183,166,181,147,184,182,197,165,168,136,198,121
102,117,119,85,134,104,133,135,150,118,152,167,149,151,164,179,183,166,181,147,184,182,197,165,168,136,198,121,106
102,117,119,85,134,104,133,135,150,118,152,167,149,151,164,179,183,166,181,147,184,182,197,165,168,136,198,121,106,153
102,117,119,85,134,104,133,135,150,118,152,167,149,151,164,179,183,166,181,147,184,182,197,165,168,136,198,121,106,153,200
102,117,119,85,134,104,133,135,150,118,152,167,149,151,164,179,183,166,181,147,184,182,197,165,168,136,198,121,106,153,200,216
102,117,119,85,134,104,133,135,150,118,152,167,149,151,164,179,183,166,181,147,184,182,197,165,168,136,198,121,106,153,200,216,199
102,117,119,85,134,104,133,135,150,118,152,167,149,151,164,179,183,166,181,147,184,182,197,165,168,136,198,121,106,153,200,216,199,196
102,117,119,85,134,104,133,135,150,118,152,167,149,151,164,179,183,166,181,147,184,182,197,165,168,136,198,121,106,153,200,216,199,196,201
102,119
102,119,87,117
102,119,87,117,88,133
102,119,87,117,88,133,86,89
102,119,87,117,88,133,86,89,118,134
102,119,87,117,88,133,86,89,118,134,70,54
102,119,87,72
102,119,87,72,118,104
102,119,87,72,118,104,134,86
102,119,87,72,118,104,134,86,135,120
102,119,87,72,118,104,134,86,135,120,136,137
102,119,87,72,118,104,134,86,135,120,136,137,103,88
102,119,87,72,118,104,134,86,135,120,136,137,103,88,56,122
102,119,87,72,118,104,134,86,135,120,136,137,103,88,56,122,132
102,119,87,72,118,104,134,86,135,120,136,137,103,88,56,122,132,133
102,119,87,72,118,104,134,86,135,120,136,137,103,88,56,122,132,133,117
102,119,87,72,118,104,134,86,135,120,136,137,103,88,56,122,132,133,117,147
102,119,87,72,118,104,134,86,135,120,136,137,103,88,56,122,132,133,117,147,150
102,119,87,72,118,104,134,86,135,120,136,137,103,88,56,122,132,133,117,147,150,166
102,119,87,72,118,104,134,86,135,120,136,137,103,88,56,122,132,133,117,147,150,166,100,121
102,119,87,72,118,104,134,86,135,120,136,137,103,88,56,122,132,133,117,147,150,166,100,121,123,83
102,119,87,72,118,134,104,70,103,101,69,86,133,148,54,88,39,84,55,71,116,150,57,56,41,73,74,149,24,9,147,164,179,151,152,117,168,180,105,106,132,165,195,212,196,163,166,114,120,136,131,162,161,146,197,130
103
103,120,118,88,134,87
103,120,118,88,134,87,136,89
103,120,118,88,134,87,136,89,86,90,91,102
103,120,118,88,134,87,136,89,86,90,91,102,121,106
103,120,118,88,134,87,136,89,86,90,91,102,121,106,135,137
103,120,118,88,134,87,136,89,86,90,91,102,121,106,135,137,101,152
103,120,118,88,134,87,136,89,86,90,91,102,121,106,135,137,101,152,84,67
103,86
103,86,118
103,86,118,88
103,86,118,88,101
103,86,118,88,101,135
103,86,118,88,101,135,100
103,86,118,88,101,135,100,102
103,86,118,88,101,135,100,102,117
103,86,118,88,101,135,100,102,117,85
103,86,118,88,101,135,100,102,117,85,84
103,86,118,88,101,135,100,102,117,85,84,68
103,86,118,88,101,135,100,102,117,85,84,68,119
103,86,118,88,101,135,100,102,117,85,84,68,119,116
103,86,118,88,101,135,100,102,117,85,84,68,119,116,134
103,86,118,88,101,135,100,102,117,85,84,68,119,116,134,151
103,86,118,88,101,135,100,102,117,85,84,68,119,116,134,151,99
103,86,118,88,101,135,100,102,117,85,84,68,119,116,134,151,99,83
103,86,118,88,101,135,100,102,117,85,84,68,119,116,134,151,99,83,98
103,86,118,88,101,135,100,102,117,85,84,68,119,116,134,151,99,83,98,97
103,86,118,88,101,135,100,102,117,85,84,68,119,116,134,151,99,83,98,97,104
103,86,118,88,101,135,100,102,117,85,84,68,119,116,134,151,99,83,98,97,104,89
103,86,118,88,101,135,100,102,117,85,84,68,119,116,134,151,99,83,98,97,104,89,87
103,86,118,88,101,135,100,102,117,85,84,68,119,116,134,151,99,83,98,97,104,89,87,70
103,86,118,88,101,135,100,102,117,85,84,68,119,116,134,151,99,83,98,97,104,89,87,70,120
103,86,118,88,101,135,100,102,117,85,84,68,119,116,134,151,99,83,98,97,104,89,87,70,120,121
103,86,118,88,101,135,100,102,117,85,84,68,119,116,134,151,99,83,98,97,104,89,87,70,120,121,149
103,86,118,88,101,135,100,102,117,85,84,68,119,116,134,151,99,83,98,97,104,89,87,70,120,121,149,164
103,86,118,88,101,135,100,102,117,85,84,68,119,116,134,151,99,83,98,97,104,89,87,70,120,121,149,164,133
103,86,118,88,101,135,100,102,117,85,84,68,119,116,134,151,99,83,98,97,104,89,87,70,120,121,149,164,133,165
103,86,118,88,101,135,100,102,117,85,84,68,119,116,134,151,99,83,98,97,104,89,87,70,120,121,149,164,133,165,132
103,86,118,88,101,135,100,102,117,85,84,68,119,116,134,151,99,83,98,97,104,89,87,70,120,121,149,164,133,165,132,115
103,86,118,88,101,135,100,102,117,85,84,68,119,116,134,151,99,83,98,97,104,89,87,70,120,121,149,164,133,165,132,115,67
103,86,118,88,101,135,100,102,117,85,84,68,119,116,134,151,99,83,98,97,104,89,87,70,120,121,149,164,133,165,132,115,67,50
103,86,118,88,101,135,100,102,117,85,84,68,119,116,134,151,99,83,98,97,104,89,87,70,120,121,149,164,133,165,132,115,67,50,130
103,86,118,88,101,135,100,102,117,85,84,68,119,116,134,151,99,83,98,97,104,89,87,70,120,121,149,164,133,165,132,115,67,50,130,131
103,86,118,88,101,135,100,102,117,85,84,68,119,116,134,151,99,83,98,97,104,89,87,70,120,121,149,164,133,165,132,115,67,50,130,131,114
103,86,118,88,101,135,100,102,117,85,84,68,119,116,134,151,99,83,98,97,104,89,87,70,120,121,149,164,133,165,132,115,67,50,130,131,114,51
103,86,118,88,101,135,100,102,117,85,84,68,119,116,134,151,99,83,98,97,104,89,87,70,120,121,149,164,133,165,132,115,67,50,130,131,114,51,34
103,86,118,88,101,135,100,102,117,85,84,68,119,116,134,151,99,83,98,97,104,89,87,70,120,121,149,164,133,165,132,115,67,50,130,131,114,51,34,54
103,86,118,88,101,135,100,102,117,85,84,68,119,116,134,151,99,83,98,97,104,89,87,70,120,121,149,164,133,165,132,115,67,50,130,131,114,51,34,54,38
103,86,118,88,101,135,100,102,117,85,84,68,119,116,134,151,99,83,98,97,104,89,87,70,120,121,149,164,133,165,132,115,67,50,130,131,114,51,34,54,38,52
103,86,118,88,101,135,100,102,117,85,84,68,119,116,134,151,99,83,98,97,104,89,87,70,120,121,149,164,133,165,132,115,67,50,130,131,114,51,34,54,38,52,53
103,86,118,88,101,135,100,102,117,85,84,68,119,116,134,151,99,83,98,97,104,89,87,70,120,121,149,164,133,165,132,115,67,50,130,131,114,51,34,54,38,52,53,82
103,86,118,88,101,135,100,102,117,85,84,68,119,116,134,151,99,83,98,97,104,89,87,70,120,121,149,164,133,165,132,115,67,50,130,131,114,51,34,54,38,52,53,82,129
103,86,118,88,101,135,100,102,117,85,84,68,119,116,134,151,99,83,98,97,104,89,87,70,120,121,149,164,133,165,132,115,67,50,130,131,114,51,34,54,38,52,53,82,129,144
103,86,118,88,101,135,100,102,117,85,84,68,119,116,134,151,99,83,98,97,104,89,87,70,120,121,149,164,133,165,132,115,67,50,130,131,114,51,34,54,38,52,53,82,129,144,69
119
119,102
119,102,104
119,102,104,134,87
119,102,104,134,87,121,71
119,102,104,134,87,121,71,103,88
119,102,104,134,87,121,71,103,88,86,70
119,102,104,134,87,121,71,103,88,86,70,69,120
119,102,104,134,87,121,71,103,88,86,70,69,120,72,105
119,102,104,134,87,121,71,103,88,86,70,69,120,72,105,122,55
119,102,104,134,87,121,71,103,88,86,70,69,120,72,105,122,55,37,90
119,102,104,134,87,121,71,103,88,86,70,69,120,72,105,122,55,37,90,135,59
119,102,104,134,87,121,71,103,88,86,70,69,120,72,105,122,55,37,90,135,59,118
119,102,104,134,87,121,71,103,88,86,70,69,120,72,105,122,55,37,90,135,59,118,150
119,102,104,134,87,121,71,103,88,86,70,69,120,72,105,122,55,37,90,135,59,118,150,52
119,102,104,134,87,121,71,103,88,86,70,69,120,72,105,122,55,37,90,135,59,118,150,52,35
119,102,104,134,87,121,71,103,88,86,70,69,120,72,105,122,55,37,90,135,59,118,150,52,35,89,53
119,102,104,134,87,121,71,103,88,86,70,69,120,72,105,122,55,37,90,135,59,118,150,52,35,89,53,36,39
119,102,104,134,87,121,71,103,88,86,70,69,120,72,105,122,55,37,90,135,59,118,150,52,35,89,53,36,39,23,56
119,102,104,134,87,121,71,103,88,86,70,69,120,72,105,122,55,37,90,135,59,118,150,52,35,89,53,36,39,23,56,73,57
119,102,117
119,102,117,118
119,102,117,118,134
119,102,117,118,134,149
119,102,117,118,134,149,151
119,102,117,118,134,149,151,168,101
119,102,117,118,134,149,151,168,101,86,70
119,102,117,118,134,149,151,168,101,86,70,85,87
119,102,117,118,134,149,151,168,101,86,70,85,87,103,69
119,102,117,118,134,149,151,168,101,86,70,85,87,103,69,68,104
119,102,117,118,134,149,151,168,101,86,70,85,87,103,69,68,104,121,72
119,102,117,118,134,149,151,168,101,86,70,85,87,103,69,68,104,121,72,56,105
119,102,117,118,134,149,151,168,101,86,70,85,87,103,69,68,104,121,72,56,105,71,135
119,102,117,118,134,149,151,168,101,86,70,85,87,103,69,68,104,121,72,56,105,71,135,120,133,132,166,167,182
119,102,117,118,134,149,151,168,101,86,70,85,87,103,69,68,104,121,72,56,105,71,135,120,133,132,166,167,182,137,154,152,184
119,102,117,118,134,151
119,102,117,118,134,151,104
119,102,117,118,134,151,104,89
119,102,117,118,134,151,104,89,100
119,102,117,118,134,151,104,89,100,149
119,102,117,118,134,151,104,89,100,149,85
119,102,117,118,134,151,104,89,100,149,85,70
119,102,117,118,134,151,104,89,100,149,85,70,83
119,102,117,118,134,151,104,89,100,149,85,70,83,66
119,102,117,118,134,151,104,89,100,149,85,70,83,66,84
119,102,117,118,134,151,104,89,100,149,85,70,83,66,84,86
119,102,117,118,134,151,104,89,100,149,85,70,83,66,84,86,54
119,102,117,118,134,151,104,89,100,149,85,70,83,66,84,86,54,148
119,102,117,118,134,151,104,89,100,149,85,70,83,66,84,86,54,148,150
119,102,117,118,134,151,104,89,100,149,85,70,83,66,84,86,54,148,150,133
119,102,117,118,134,151,104,89,100,149,85,70,83,66,84,86,54,148,150,133,103
119,102,117,118,134,151,104,89,100,149,85,70,83,66,84,86,54,148,150,133,103,101
119,102,117,118,134,151,104,89,100,149,85,70,83,66,84,86,54,148,150,133,103,101,82
119,102,117,118,134,151,104,89,100,149,85,70,83,66,84,86,54,148,150,133,103,101,82,81
119,102,117,118,134,151,104,89,100,149,85,70,83,66,84,86,54,148,150,133,103,101,82,81,71
119,102,117,118,134,151,104,89,100,149,85,70,83,66,84,86,54,148,150,133,103,101,82,81,71,55
119,102,117,118,134,151,104,89,100,149,85,70,83,66,84,86,54,148,150,133,103,101,82,81,71,55,135
119,102,117,118,134,151,104,89,100,149,85,70,83,66,84,86,54,148,150,133,103,101,82,81,71,55,135,87
119,102,117,118,134,151,104,89,100,149,85,70,83,66,84,86,54,148,150,133,103,101,82,81,71,55,135,87,88
119,102,117,118,134,151,104,89,100,149,85,70,83,66,84,86,54,148,150,133,103,101,82,81,71,55,135,87,88,178
119,102,117,118,134,151,104,89,100,149,85,70,83,66,84,86,54,148,150,133,103,101,82,81,71,55,135,87,88,178,163
119,102,117,118,134,151,104,89,100,149,85,70,83,66,84,86,54,148,150,133,103,101,82,81,71,55,135,87,88,178,163,105
119,102,117,118,134,151,104,89,100,149,85,70,83,66,84,86,54,148,150,133,103,101,82,81,71,55,135,87,88,178,163,105,52
119,102,117,118,134,151,104,89,100,149,85,70,83,66,84,86,54,148,150,133,103,101,82,81,71,55,135,87,88,178,163,105,52,68
119,102,117,118,134,151,104,89,100,149,85,70,83,66,84,86,54,148,150,133,103,101,82,81,71,55,135,87,88,178,163,105,52,68,37
119,102,117,118,134,151,104,89,100,149,85,70,83,66,84,86,54,148,150,133,103,101,82,81,71,55,135,87,88,178,163,105,52,68,37,20
119,102,117,118,134,151,104,89,100,149,85,70,83,66,84,86,54,148,150,133,103,101,82,81,71,87
119,102,117,118,134,151,104,89,100,149,85,70,83,66,84,86,54,148,150,133,103,101,82,81,71,87,88
119,102,117,118,134,151,104,89,100,149,85,70,83,66,84,86,54,148,150,133,103,101,82,81,71,87,88,178
119,102,117,118,134,151,104,89,100,149,85,70,83,66,84,86,54,148,150,133,103,101,82,81,71,87,88,178,163
119,102,117,118,134,151,104,89,100,149,85,70,83,66,84,86,54,148,150,133,103,101,82,81,71,87,88,178,163,105
119,102,117,118,134,151,104,89,100,149,85,70,83,66,84,86,54,148,150,133,103,101,82,81,71,87,88,178,163,37
119,102,117,118,134,151,104,89,100,149,85,70,83,66,84,86,54,148,150,133,103,101,82,81,71,87,88,178,163,37,120
119,102,117,118,134,151,104,89,100,149,85,70,83,66,84,86,54,148,150,133,103,101,82,81,71,87,88,178,163,37,120,136
119,102,117,118,134,151,104,89,100,149,85,70,83,66,84,86,54,148,150,133,103,101,82,81,71,87,88,178,163,37,120,136,56
119,102,117,118,134,151,104,89,100,149,85,70,83,66,84,86,54,148,150,133,103,101,82,81,71,87,88,178,163,37,120,136,56,72
119,102,117,118,134,151,104,89,100,149,85,70,83,66,84,86,54,148,150,133,103,101,82,81,71,87,88,178,163,37,120,136,56,72,105
119,102,117,118,134,151,149
119,102,117,118,134,151,149,104,164,179,132,101,100,135,84,148,103,120,152
119,102,117,118,134,151,149,104,164,179,132,101,100,135,84,148,103,120,152,88,72,105,90,165,150,71,54,182,131,199,216,183,167,181,180,184,185,139,122,169,154,133,115
119,102,117,118,134,151,149,104,164,179,132,103,101,133,148,116,166,183,165,73,88,163,147
119,102,117,118,86
119,102,117,118,86,134,150
119,102,117,118,86,134,150,133,135
119,102,117,118,86,134,150,133,135,103,88
119,102,117,118,86,134,150,133,135,103,88,165,148
119,102,117,118,86,134,150,133,135,103,88,165,148,87,105
119,102,117,118,86,134,150,133,135,103,88,165,148,87,105,71,55
119,102,117,118,86,134,150,133,135,103,88,165,148,87,105,71,55,90,72
119,102,117,118,86,134,150,133,135,103,88,165,148,87,105,71,55,90,72,56,107
119,102,117,118,86,134,150,133,135,103,88,165,148,87,105,71,55,90,72,56,107,106,122
119,102,117,118,86,134,150,133,135,103,88,165,148,87,105,71,55,90,72,56,107,106,122,137,139,156,123
119,102,117,118,86,134,150,133,135,103,88,165,148,87,105,71,55,90,72,56,107,106,122,137,139,156,123,91,151
119,102,117,118,86,134,150,133,135,103,88,165,148,87,105,71,55,90,72,56,107,106,122,137,139,156,123,91,151,152,166
119,102,117,118,86,134,150,133,135,103,88,165,148,87,105,71,55,90,72,56,107,106,122,137,139,156,123,91,151,152,166,132,121,120,154
119,102,117,118,86,134,150,133,135,103,88,165,148,87,105,71,55,90,72,56,107,106,122,137,139,156,123,91,151,152,166,132,121,120,154,124,170
119,102,134
119,102,134,104
119,102,134,104,101
119,102,134,104,101,117,132
119,102,134,104,101,117,132,87,131,133,116,72,57,146,148,164,84,100,67,118,114,97,99
119,102,134,104,101,117,132,87,135
119,102,134,104,101,117,132,87,135,133,151
119,102,134,104,101,117,132,87,135,133,151,167,152
119,102,134,104,101,117,132,87,135,133,151,167,152,118,150
119,102,134,104,101,117,132,87,135,133,151,167,152,118,150,149,165
119,102,134,104,101,117,132,87,135,133,151,167,152,118,150,149,165,72,57
119,102,134,104,101,117,132,87,135,133,151,167,152,118,150,149,165,72,57,120,88
119,102,134,104,101,117,132,87,135,133,151,167,152,118,150,149,165,72,57,120,88,70,121
119,102,134,104,101,117,132,87,135,133,151,167,152,118,150,149,165,72,57,120,88,70,121,36,53
119,102,134,104,101,117,132,87,135,133,151,167,152,118,150,149,165,72,57,120,88,70,121,36,53,69,153,154,180,195,71
119,102,134,104,101,117,132,87,135,133,167
119,102,134,104,101,117,132,87,135,133,167,151,166
119,102,134,104,101,117,132,87,135,133,167,151,166,72
119,102,134,104,101,117,132,87,135,133,167,151,166,72,57
119,102,134,104,101,117,132,87,135,133,167,151,166,72,57,88,120
119,102,134,104,101,117,132,87,135,133,167,151,166,72,57,88,120,40
119,102,134,104,101,117,132,87,135,133,167,151,166,72,57,88,120,40,56
119,102,134,104,101,117,132,87,135,133,167,151,166,72,57,88,120,40,56,86,89
119,102,134,104,101,117,132,87,135,133,167,151,166,72,57,88,120,40,56,86,89,70,53
119,102,134,104,101,117,132,87,135,133,70
119,102,134,104,101,117,132,87,135,133,70,72,57
119,102,134,104,101,117,132,87,135,133,70,72,57,88,56
119,102,134,104,101,117,132,87,135,133,70,72,57,88,56,86,85
119,102,134,104,101,117,132,87,135,133,70,72,57,88,56,86,85,103,118
119,102,134,104,101,117,132,87,135,133,70,72,57,88,56,86,85,103,118,89,90
119,102,134,104,101,117,132,87,135,133,70,72,57,88,56,86,85,103,118,89,90,105
119,102,134,104,101,117,132,87,135,133,70,72,57,88,56,86,85,103,118,89,90,105,106
119,102,134,104,101,117,132,87,135,133,70,72,57,88,56,86,85,103,118,89,90,105,106,120
119,102,134,104,101,117,132,87,84
119,102,134,104,101,117,132,87,84,72,57
119,102,134,104,101,117,132,87,84,72,57,88,120
119,102,134,104,101,117,132,87,84,72,57,88,120,56,40
119,102,134,104,101,117,132,87,84,72,57,88,120,56,40,89,86
119,102,134,104,101,117,132,87,84,72,57,88,120,56,40,89,86,91,90
119,102,134,104,101,117,132,87,84,72,57,88,120,56,40,89,86,91,90,106,123
119,102,134,104,117
119,102,134,104,117,151,103
119,102,134,104,117,151,103,120,152
119,102,134,104,117,151,103,120,152,88,72
119,102,134,104,117,151,103,120,152,88,72,87,89
119,102,134,104,117,151,103,120,152,88,72,87,89,70,53
119,102,134,104,117,151,103,120,152,88,72,87,89,70,53,105,122
119,102,134,104,117,151,103,120,152,88,72,87,89,70,53,105,122,85,86
119,102,134,104,117,151,103,120,152,88,72,87,89,70,53,105,122,85,86,55,40
119,102,134,104,117,151,103,120,152,88,72,87,89,70,53,105,122,85,86,55,40,135,150
119,102,134,104,117,151,103,120,152,88,72,87,89,70,53,105,122,85,86,55,40,135,150,166,121
119,102,134,104,117,151,103,120,152,88,72,87,89,70,53,105,122,85,86,55,40,135,150,166,121,181,196
119,102,134,104,117,151,103,120,152,88,72,87,89,70,53,105,122,85,86,55,40,135,150,166,121,181,196,167,165
119,102,134,104,117,151,103,120,152,88,72,87,89,70,53,105,122,85,86,55,40,135,150,166,121,181,196,167,165,68,115
119,102,134,104,117,151,103,120,152,88,72,87,89,70,53,105,122,85,86,55,40,135,150,166,121,181,196,167,165,68,115,116,66
119,102,134,104,117,151,103,120,152,88,72,87,89,70,53,105,122,85,86,55,40,135,150,166,121,181,196,167,165,68,115,116,66,84,100
119,102,134,104,117,151,103,120,152,88,72,87,89,70,53,105,122,85,86,55,40,135,150,166,121,181,196,167,165,68,115,116,66,84,100,83,82
119,102,134,104,117,151,103,120,152,88,72,87,89,70,53,105,122,85,86,55,40,135,150,166,121,181,196,167,165,68,115,116,66,84,100,83,82,71,69
119,102,134,104,117,151,103,120,152,88,72,87,89,70,53,105,122,85,86,55,40,135,150,166,121,181,196,167,165,68,115,116,66,84,100,83,82,71,69,37,54
119,102,134,104,117,151,103,120,152,88,72,87,89,70,53,105,122,85,86,55,40,135,150,166,121,181,196,167,165,68,115,116,66,84,100,83,82,71,69,37,54,35,34
119,102,134,104,117,151,103,120,152,88,72,87,89,70,53,105,122,85,86,55,40,135,150,166,121,181,196,167,165,68,115,116,66,84,100,83,82,71,69,37,54,35,34,39,23
119,102,134,104,117,151,103,120,152,88,72,87,89,70,53,105,122,85,86,55,40,135,150,166,121,181,196,167,165,68,115,116,66,84,100,83,82,71,69,37,54,35,34,39,23,36,38
119,102,134,104,117,151,103,120,152,88,72,87,89,70,53,105,122,85,86,55,40,135,150,166,121,181,196,167,165,68,115,116,66,84,100,83,82,71,69,37,54,35,34,39,23,36,38,20,52
119,102,134,104,117,151,103,120,152,88,72,87,89,70,53,105,122,85,86,55,40,135,150,166,121,181,196,167,165,68,115,116,66,84,100,83,82,71,69,37,54,35,34,39,23,36,38,20,52,75,90
119,102,134,104,117,151,103,120,152,88,72,87,89,70,53,105,122,85,86,55,40,135,150,166,121,181,196,167,165,68,115,116,66,84,100,83,82,71,69,37,54,35,34,39,23,36,38,20,52,75,90,183,199
119,102,134,104,117,151,103,120,152,88,72,87,89,70,53,105,122,85,86,55,40,135,150,166,121,181,196,167,165,68,115,116,66,84,100,83,82,71,69,37,54,35,34,39,23,36,38,20,52,75,90,183,199,50,65
119,102,134,104,117,151,103,120,152,88,72,87,89,70,53,105,122,85,86,55,40,135,150,166,121,181,196,167,165,68,115,116,66,84,100,83,82,71,69,37,54,35,34,39,23,36,38,20,52,75,90,183,199,50,65,67,33
119,102,134,104,133
119,102,134,104,133,120
119,102,134,104,133,120,101
119,102,134,104,133,120,101,117
119,102,134,104,133,120,101,117,132
119,102,134,104,133,120,101,117,132,131
119,102,134,104,133,120,101,117,132,131,135
119,102,134,104,133,120,101,117,132,131,135,136
119,102,134,104,133,120,101,117,132,131,135,136,152
119,102,134,104,133,120,101,117,132,131,135,136,152,118
119,102,134,104,133,120,101,117,132,131,135,136,152,118,167
119,102,134,104,133,120,101,117,132,131,135,136,152,118,167,151
119,102,134,104,133,120,101,117,132,131,135,136,152,118,167,151,182
119,102,134,104,133,120,101,117,132,131,135,136,152,118,167,151,182,72
119,102,134,104,133,120,101,117,132,131,135,136,152,118,167,151,182,72,88
119,102,134,104,133,120,101,117,132,131,135,136,152,118,167,151,182,72,88,137
119,102,134,104,133,120,101,117,132,131,135,136,152,118,167,151,182,72,88,137,197
119,102,134,104,133,120,101,117,132,131,135,136,152,118,167,151,182,72,88,137,197,212
119,102,134,104,133,120,101,117,132,131,135,136,152,118,167,151,182,72,88,137,197,212,150
119,102,134,104,133,120,101,117,132,131,135,136,152,118,167,151,182,72,88,137,197,212,150,87
119,102,134,104,133,120,101,117,132,131,135,136,152,118,167,151,182,72,88,137,197,212,150,87,57
119,102,134,104,133,120,117
119,102,134,104,133,120,117,101
119,102,134,104,133,120,117,101,103
119,102,134,104,133,120,117,101,103,136
119,102,134,104,133,120,117,101,103,136,152,151,132,131,116,115,148,88,72,164,99,150,69,84
119,102,134,104,133,120,117,101,103,136,88
119,102,134,104,133,120,117,101,103,136,88,118
119,102,134,104,133,120,117,101,103,136,88,118,151
119,102,134,104,133,120,117,101,103,136,88,118,151,168
119,102,134,104,133,120,117,101,103,136,88,118,151,168,152
119,102,134,104,133,120,117,101,103,136,88,118,151,168,152,135
119,102,134,104,133,120,117,101,103,136,88,118,151,168,152,135,150
119,102,134,104,133,120,117,101,103,136,88,118,151,168,152,135,150,149
119,102,134,104,133,120,117,101,103,136,88,118,151,168,152,135,150,149,167
119,102,134,104,133,120,117,101,103,136,88,118,151,168,152,135,150,149,167,184
119,102,134,104,133,120,117,101,103,136,88,118,151,168,152,135,150,149,167,184,100
119,102,134,104,133,120,117,101,103,136,88,118,151,168,152,135,150,149,167,184,100,83
119,102,134,104,133,120,117,101,103,136,88,118,151,168,152,135,150,149,167,184,100,83,116
119,102,134,104,133,120,117,101,103,136,88,118,151,168,152,135,150,149,167,184,100,83,116,99
119,102,134,104,133,120,117,101,103,136,88,118,151,168,152,135,150,149,167,184,100,83,116,99,84
119,102,134,104,133,120,117,101,103,136,88,118,151,168,152,135,150,149,167,184,100,83,116,99,84,132
119,102,134,104,133,120,117,101,103,136,88,118,151,168,152,135,150,149,167,184,100,83,116,99,84,132,122
119,102,134,104,133,120,117,101,103,136,88,118,151,168,152,135,150,149,167,184,100,83,116,99,84,132,122,137
119,102,134,104,133,120,117,101,103,136,88,118,151,168,152,135,150,149,167,184,100,83,116,99,84,132,122,137,71
119,102,134,104,133,120,117,101,103,136,88,118,151,168,152,135,150,149,167,184,100,83,116,99,84,132,122,137,71,138
119,102,134,104,133,120,117,101,103,136,88,118,151,168,152,135,150,149,167,184,100,83,116,99,84,132,122,137,71,138,139
119,102,134,104,133,120,117,101,103,136,88,118,151,168,152,135,150,149,167,184,100,83,116,99,84,132,122,137,71,138,139,105
119,102,134,104,133,120,117,101,103,136,88,118,151,168,152,135,150,149,167,184,100,83,116,99,84,132,122,137,71,138,139,105,68
119,102,134,104,133,120,117,101,103,136,88,118,151,168,152,135,150,149,167,184,100,83,116,99,84,132,122,137,71,138,139,105,68,52
119,102,134,104,133,120,117,101,103,136,88,118,151,168,152,135,150,149,167,184,100,83,116,99,84,132,122,137,71,138,139,105,68,52,70
119,102,134,104,133,120,117,101,103,136,88,118,151,168,152,135,150,149,167,184,100,83,116,99,84,132,122,137,71,138,139,105,68,52,70,90
119,102,134,104,133,120,117,101,103,136,88,118,151,168,152,135,150,149,167,184,100,83,116,99,84,132,122,137,71,138,139,105,68,52,70,90,75
119,102,134,104,133,120,117,101,103,136,88,118,151,168,152,135,150,149,167,184,100,83,116,99,84,132,122,137,71,138,139,105,68,52,70,90,75,69
119,102,134,104,133,120,117,101,103,136,88,118,151,168,152,135,150,149,167,184,100,83,116,99,84,132,122,137,71,138,139,105,68,52,70,90,75,69,55
119,102,134,104,133,120,117,101,103,136,88,118,151,168,152,135,150,149,167,184,100,83,116,99,84,132,122,137,71,138,139,105,68,52,70,90,75,69,55,87
119,102,134,104,133,120,117,101,103,136,88,118,151,168,152,135,150,149,167,184,100,83,116,99,84,132,122,137,71,138,139,105,68,52,70,90,75,69,55,87,85
119,102,134,104,133,120,117,101,103,136,88,118,151,168,152,135,150,149,167,184,100,83,116,99,84,132,122,137,71,138,139,105,68,52,70,90,75,69,55,87,85,115
119,103,104
119,103,104,89
119,103,104,89,136
119,103,104,89,136,120
119,103,104,89,136,120,153
119,103,104,89,136,120,153,170
119,103,104,89,136,120,153,170,137
119,103,104,89,136,120,153,170,137,135
119,103,104,89,136,120,153,170,137,135,150
119,103,104,89,136,120,153,170,137,135,150,152
119,103,104,89,136,120,153,170,137,135,150,152,121
119,103,104,89,136,120,153,170,137,135,150,152,121,169
119,103,104,89,136,120,153,170,137,135,150,152,121,169,102
119,103,104,89,136,120,153,170,137,135,150,152,121,169,102,85
119,103,104,89,136,120,153,170,137,135,150,152,121,169,102,85,118
119,103,104,89,136,120,153,170,137,135,150,152,121,169,102,85,118,134
119,103,104,89,136,120,153,170,137,135,150,152,121,169,102,85,118,134,138
119,103,104,89,136,120,153,170,137,135,150,152,121,169,102,85,118,134,138,155
119,103,104,89,136,120,153,170,137,135,150,152,121,169,102,85,118,134,138,155,87
119,103,104,89,136,120,153,170,137,135,150,152,121,169,102,85,118,134,138,155,87,70
119,103,104,89,136,120,153,170,137,135,150,152,121,169,102,85,118,134,138,155,87,70,132
119,103,104,89,136,120,153,170,137,135,150,152,121,169,102,85,118,134,138,155,87,70,132,117
119,103,104,89,136,120,153,170,137,135,150,152,121,169,102,85,118,134,138,155,87,70,132,117,168
119,103,104,89,136,120,153,170,137,135,150,152,121,169,102,85,118,134,138,155,87,70,132,117,168,183
119,103,104,89,136,120,153,170,137,135,150,152,121,169,102,85,118,134,138,155,87,70,132,117,168,183,108
119,103,104,89,136,120,153,170,137,135,150,152,121,169,102,85,118,134,138,155,87,70,132,117,168,183,108,123
119,103,104,89,136,120,153,170,137,135,150,152,121,169,102,85,118,134,138,155,87,70,132,117,168,183,108,123,106
119,103,104,89,136,120,153,170,137,135,150,152,121,169,102,85,118,134,138,155,87,70,132,117,168,183,108,123,106,186
119,103,104,89,136,120,153,170,137,135,150,152,121,169,102,85,118,134,138,155,87,70,132,117,168,183,108,123,106,186,203
119,103,104,89,136,120,153,170,137,135,150,152,121,169,102,85,118,134,138,155,87,70,132,117,168,183,108,123,106,186,203,91
119,103,104,89,136,120,153,170,137,135,150,152,121,169,102,85,118,134,138,155,87,70,132,117,168,183,108,123,106,186,203,91,107
119,103,104,89,136,120,153,170,137,135,150,152,121,169,102,85,118,134,138,155,87,70,132,117,168,183,108,123,106,186,203,91,107,105
119,103,104,89,136,120,153,170,137,135,150,152,121,169,102,85,118,134,138,155,87,70,132,117,168,183,108,123,106,186,203,91,107,105,110
119,103,104,89,136,120,153,170,137,135,150,152,121,169,102,85,118,134,138,155,87,70,132,117,168,183,108,123,106,186,203,91,107,105,110,109
119,103,104,89,136,120,153,170,137,135,150,152,121,169,102,85,118,134,138,155,87,70,132,117,168,183,108,123,106,186,203,91,107,105,110,109,151
119,103,104,89,136,120,153,170,137,135,150,152,121,169,102,85,118,134,138,155,87,70,132,117,168,183,108,123,106,186,203,91,107,105,110,109,151,166
119,103,104,89,136,120,153,170,137,135,150,152,121,169,102,85,118,134,138,155,87,70,132,117,168,183,108,123,106,186,203,91,107,105,110,109,151,166,90
119,103,104,89,136,120,153,170,137,135,150,152,121,169,102,85,118,134,138,155,87,70,132,117,168,183,108,123,106,186,203,91,107,105,110,109,151,166,90,154
119,103,104,89,136,120,153,170,137,135,150,152,121,169,102,85,118,134,138,155,87,70,132,117,168,183,108,123,106,186,203,91,107,105,110,109,151,166,90,154,122
119,103,104,89,136,120,153,170,137,135,150,152,121,169,102,85,118,134,138,155,87,70,132,117,168,183,108,123,106,186,203,91,107,105,110,109,151,166,90,154,122,74
119,103,104,89,136,120,153,170,137,135,150,152,121,169,102,85,118,134,138,155,87,70,132,117,168,183,108,123,106,186,203,91,107,105,110,109,151,166,90,154,122,74,92
119,103,104,89,136,120,153,170,137,135,150,152,121,169,102,85,118,134,138,155,87,70,132,117,168,183,108,123,106,186,203,91,107,105,110,109,151,166,90,154,122,74,92,77
119,103,104,89,136,120,153,170,137,135,150,152,121,169,102,85,118,134,138,155,87,70,132,117,168,183,108,123,106,186,203,91,107,105,110,109,151,166,90,154,122,74,92,77,140
119,103,104,89,136,120,153,170,137,135,150,152,121,169,102,85,118,134,138,155,87,70,132,117,168,183,108,123,106,186,203,91,107,105,110,109,151,166,90,154,122,74,92,77,140,139
119,103,104,89,136,120,153,170,137,135,150,152,121,169,102,85,118,134,138,155,87,70,132,117,168,183,108,123,106,186,203,91,107,105,110,109,151,166,90,154,122,74,92,77,140,139,124
119,103,104,89,136,120,153,170,137,135,150,152,121,169,102,85,118,134,138,155,87,70,132,117,168,183,108,123,106,186,203,91,107,105,110,109,151,166,90,154,122,74,92,77,140,139,124,76
119,103,104,89,136,120,153,170,137,135,150,152,169
119,103,104,89,136,120,153,170,137,135,150,152,169,121,184
119,103,104,89,136,120,153,170,137,135,150,152,169,121,184,185,167
119,103,104,89,136,120,153,170,137,135,150,152,169,121,184,185,167,133,199
119,103,104,89,136,120,153,170,137,135,150,152,169,121,184,185,167,133,199,154,166
119,103,104,89,86,118,133,134,150,116,72,88,73,71,54,101,84,99,87
119,103,104,89,86,72,118,55,38,102,117,116,101,87,152
119,104,102,136,86
119,104,102,136,86,135,88
119,104,102,136,86,135,88,103
119,104,102,136,86,135,88,103,87
119,104,102,136,86,135,88,103,87,85
119,104,102,136,86,135,88,103,87,85,89
119,104,102,136,86,135,88,103,87,85,89,90
119,104,102,136,86,135,88,103,87,85,89,90,70
119,104,102,136,86,135,88,103,87,85,89,90,70,54
119,104,102,136,86,135,88,103,87,85,89,90,70,54,72
119,104,102,136,86,135,88,103,87,85,89,90,70,54,72,57
119,104,102,136,86,135,88,103,87,85,89,90,70,54,72,57,71
119,104,102,136,86,135,88,103,87,85,89,90,70,54,72,57,71,69
119,104,102,136,86,135,88,103,87,85,89,90,70,54,72,57,71,69,116
119,104,102,136,86,135,88,103,87,85,89,90,70,54,72,57,71,69,116,101
119,104,102,136,86,135,88,103,87,85,89,90,70,54,72,57,71,69,116,101,73
119,104,102,136,86,135,88,103,87,85,89,90,70,54,72,57,71,69,116,101,73,74
119,104,102,136,86,135,88,103,87,85,89,90,70,54,72,57,71,69,116,101,73,74,117
119,104,102,136,86,135,88,103,87,85,89,90,70,54,72,57,71,69,116,101,73,74,117,132
119,104,102,136,86,135,88,118
119,104,102,136,86,135,88,118,87
119,104,102,136,86,135,88,118,87,89
119,104,102,136,86,135,88,118,87,89,117
119,104,102,136,86,135,88,118,87,89,117,132
119,104,102,136,86,135,88,118,87,89,117,132,85
119,104,102,136,86,135,88,118,87,89,117,132,85,84
119,104,102,136,86,135,88,118,87,89,117,132,85,84,101
119,104,102,136,86,135,88,118,87,89,117,132,85,84,101,133
119,104,102,136,86,135,88,118,87,89,117,132,85,84,101,133,134
119,104,102,136,86,135,88,118,87,89,117,132,85,84,101,133,134,100
119,104,102,136,86,135,88,118,87,89,117,132,85,84,101,133,134,100,68
119,104,102,136,86,135,88,118,87,89,117,132,85,84,101,133,134,100,68,51
119,104,102,136,86,135,88,118,87,89,117,132,85,84,101,133,134,100,68,51,69
119,104,102,136,86,135,88,118,87,89,117,132,85,84,101,133,134,100,68,51,69,53
119,104,102,136,86,135,88,118,87,89,117,132,85,84,101,133,134,100,68,51,69,53,72
119,104,102,136,86,135,88,118,87,89,117,132,85,84,101,133,134,100,68,51,69,53,72,57
119,104,102,136,86,135,88,118,87,89,117,132,85,84,101,133,134,100,68,51,69,53,72,57,71
119,104,102,136,86,135,88,118,87,89,117,132,85,84,101,133,134,100,68,51,69,53,72,57,71,70
119,104,102,136,86,135,88,137
119,104,102,136,86,135,88,137,134
119,104,102,136,86,135,88,137,134,118
119,104,102,136,86,135,88,137,134,118,87
119,104,102,136,86,135,88,137,134,118,87,85
119,104,102,136,86,135,88,137,134,118,87,85,89
119,104,102,136,86,135,88,137,134,118,87,85,89,90
119,104,102,136,86,135,88,89
119,104,102,136,86,135,88,89,54
119,104,102,136,86,135,88,89,54,70
119,104,102,136,86,135,88,89,54,70,71
119,104,102,136,86,135,88,89,54,70,71,105
119,104,102,136,86,135,88,89,54,70,71,105,20
119,104,102,136,86,135,88,89,54,70,71,105,20,37
119,104,102,136,86,135,88,89,54,70,71,105,20,37,56
119,104,102,136,86,135,88,89,54,70,71,105,20,37,56,41
119,104,102,136,86,135,88,89,54,70,71,105,20,37,56,41,57
119,104,102,136,86,135,88,89,54,70,71,105,20,37,56,41,57,55
119,104,102,136,86,135,88,89,54,70,71,105,20,37,56,41,57,55,116
119,104,102,136,86,135,88,89,54,70,71,105,20,37,56,41,57,55,116,101
119,104,102,136,86,135,88,89,54,70,71,105,20,37,56,41,57,55,116,101,117
119,104,102,136,86,135,88,89,54,70,71,105,20,37,56,41,57,55,116,101,117,118
119,104,102,136,86,135,88,89,54,70,71,105,20,37,56,41,57,55,116,101,117,118,87
119,104,102,136,86,135,88,89,54,70,71,105,20,37,56,41,57,55,116,101,117,118,87,72
119,104,102,136,86,135,88,89,54,70,71,105,20,37,56,41,57,55,116,101,117,118,87,72,84
119,104,102,136,86,135,88,89,54,70,71,105,20,37,56,41,57,55,116,101,117,118,87,72,84,85
119,104,102,136,86,135,88,89,54,70,71,105,20,37,56,41,57,55,116,101,117,118,87,72,84,85,132
119,104,102,136,86,135,88,89,54,70,71,105,20,37,56,41,57,55,116,101,117,118,87,72,84,85,132,147
119,104,121
119,104,121,120
119,104,121,120,136
119,104,121,120,136,151
119,104,121,120,136,151,102
119,104,121,120,136,151,102,85
119,104,121,120,136,151,102,85,106
119,104,121,120,136,151,102,85,106,153
119,104,121,120,136,151,102,85,106,153,89
119,104,121,120,136,151,102,85,106,153,89,72
119,104,121,120,136,151,102,85,106,153,89,72,91
119,104,121,120,136,151,102,85,106,153,89,72,91,76
119,104,121,120,136,151,102,85,106,153,89,72,91,76,90
119,104,121,120,136,151,102,85,106,153,89,72,91,76,90,88
119,104,121,120,136,151,102,85,106,153,89,72,91,76,90,88,56
119,104,121,120,136,151,102,85,106,153,89,72,91,76,90,88,56,154
119,104,121,120,136,151,102,85,106,153,89,72,91,76,90,88,56,154,152
119,104,121,120,136,151,102,85,106,153,89,72,91,76,90,88,56,154,152,137
119,104,121,120,136,151,102,85,106,153,89,72,91,76,90,88,56,154,152,137,103
119,104,121,120,136,151,102,85,106,153,89,72,91,76,90,88,56,154,152,137,103,105
119,104,121,120,136,151,102,85,106,153,89,72,91,76,90,88,56,154,152,137,103,105,92
119,104,121,120,136,151,102,85,106,153,89,72,91,76,90,88,56,154,152,137,103,105,92,93
119,104,121,120,136,151,102,85,106,153,89,72,91,76,90,88,56,154,152,137,103,105,92,93,71
119,104,121,120,136,151,102,85,106,153,89,72,91,76,90,88,56,154,152,137,103,105,92,93,71,55
119,104,121,120,136,151,102,85,106,153,89,72,91,76,90,88,56,154,152,137,103,105,92,93,71,55,135
119,104,121,120,136,151,102,85,106,153,89,72,91,76,90,88,56,154,152,137,103,105,92,93,71,55,135,87
119,104,121,120,136,151,102,85,106,153,89,72,91,76,90,88,56,154,152,137,103,105,92,93,71,55,135,87,86
119,104,121,120,136,151,102,85,106,153,89,72,91,76,90,88,56,154,152,137,103,105,92,93,71,55,135,87,86,188
119,104,121,120,136,151,102,85,106,153,89,72,91,76,90,88,56,154,152,137,103,105,92,93,71,55,135,87,86,188,171
119,104,121,120,136,151,102,85,106,153,89,72,91,76,90,88,56,154,152,137,103,105,92,93,71,55,135,87,86,188,171,101
119,104,121,120,136,151,102,85,106,153,89,72,91,76,90,88,56,154,152,137,103,105,92,93,71,55,135,87,86,188,171,101,58
119,104,121,120,136,151,102,85,106,153,89,72,91,76,90,88,56,154,152,137,103,105,92,93,71,55,135,87,86,188,171,101,58,74
119,104,121,120,136,151,102,85,106,153,89,72,91,76,90,88,56,154,152,137,103,105,92,93,71,55,135,87,86,188,171,101,58,74,41
119,104,121,120,136,151,102,85,106,153,89,72,91,76,90,88,56,154,152,137,103,105,92,93,71,55,135,87,86,188,171,101,58,74,41,26
119,104,121,120,136,151,102,85,106,153,89,72,91,76,90,88,56,154,152,137,103,105,92,93,71,55,135,87,86,188,171,101,58,74,41,26,75
119,104,121,120,136,151,102,85,106,153,89,72,91,76,90,88,56,154,152,137,103,105,92,93,71,55,135,87,86,188,171,101,58,74,41,26,75,24
119,104,121,120,136,151,102,85,106,153,89,72,91,76,90,88,56,154,152,137,103,105,92,93,71,55,135,87,86,188,171,101,58,74,41,26,75,24,109
119,104,121,120,136,151,153
119,104,121,120,136,151,153,102,137
119,104,121,120,136,151,153,102,137,105,103
119,104,121,120,136,151,153,102,137,105,103,135,150
119,104,121,120,136,151,153,102,137,105,103,135,150,169,138
119,104,121,120,136,151,153,102,137,105,103,135,150,169,138,170,123
119,104,121,120,136,151,153,102,137,105,103,135,150,169,138,170,123,168,167
119,104,121,120,136,151,153,102,137,105,103,135,150,169,138,170,123,168,167,185,134
119,104,121,120,136,151,153,102,137,105,103,135,150,169,138,170,123,168,167,185,134,75,90
119,104,121,120,136,151,153,102,137,105,103,135,150,169,138,170,123,168,167,185,134,75,90,202,219
119,104,121,120,136,151,153,102,137,105,103,135,150,169,138,170,123,168,167,185,134,75,90,202,219,186,218
119,104,121,120,136,151,153,102,137,105,103,135,90
119,104,121,120,136,151,153,102,137,105,103,135,90,169,138
119,104,121,120,136,151,153,102,137,105,103,135,90,169,138,150,165
119,104,121,120,88
119,104,121,120,88,136,152
119,104,121,120,88,136,152,103,105
119,104,121,120,88,136,152,103,105,137,86
119,104,121,120,88,136,152,103,105,137,86,71,154
119,104,121,120,88,136,152,103,105,137,86,71,154,153,169
119,104,121,120,88,136,152,103,105,137,86,71,154,153,169,139,135
119,104,121,120,88,136,152,103,105,137,86,71,154,153,169,139,135,186,138
119,104,121,120,88,136,152,103,105,137,86,71,154,153,169,139,135,186,138,87,55
119,104,121,120,88,136,152,103,105,137,86,71,154,153,169,139,135,186,138,87,55,187,70
119,104,121,120,88,136,152,103,105,137,86,71,154,153,169,139,135,186,138,87,55,187,70,102,170
119,104,121,120,88,136,152,103,105,137,86,71,154,153,169,139,135,186,138,87,55,187,70,102,170,171,155
119,104,121,120,88,136,152,103,105,137,86,71,154,153,169,139,135,186,138,87,55,187,70,102,170,171,155,185,184
119,104,121,120,88,136,152,103,105,137,86,71,154,153,169,139,135,186,138,87,55,187,70,102,170,171,155,185,184,156,141
119,104,121,120,88,136,152,103,105,137,86,71,154,153,169,139,135,186,138,87,55,187,70,102,170,171,155,185,184,156,141,172,188
119,104,121,120,88,136,152,103,105,137,86,71,154,153,169,139,135,186,138,87,55,187,70,102,170,171,155,185,184,156,141,172,188,202,217
119,104,121,120,88,136,152,103,105,137,86,71,154,153,169,139,135,186,138,87,55,187,70,102,170,171,155,185,184,156,141,172,188,202,217,203,101,118,168
119,104,121,120,88,136,152,103,105,137,86,71,154,153,169,139,135,186,138,87,55,187,70,102,170,171,155,185,184,156,141,172,188,202,217,203,101,118,168,142,157
119,104,121,120,88,136,152,105,103,135,150,73,90,151,134,166,86,102,116,101,133,99,132,84,148,118,67,181,196,100,98,114,69,138,130,131,52,35,167,184,147,180,182,137,139,89,146,149,37,144,129,22,53
119,104,121,122
119,104,121,122,136,106
119,104,121,122,136,106,103,135
119,104,121,122,136,106,103,135,153,170
119,104,121,122,136,106,103,135,153,170,118,105
119,104,136
119,104,136,102
119,104,136,102,105
119,104,136,102,105,121,135
119,104,136,102,105,121,135,87,70
119,104,136,102,105,121,135,87,70,72,57
119,104,136,102,105,121,135,87,70,72,57,138,155
119,104,136,102,105,121,135,87,70,72,57,138,155,90,88
119,104,136,102,105,121,135,87,70,72,57,138,155,90,88,122,106
119,104,136,102,105,121,135,87,70,72,57,138,155,90,88,122,106,107,73
119,104,136,102,105,121,135,87,70,72,57,138,155,90,88,122,106,107,73,123,89,41,120
119,104,136,102,105,121,135,87,70,72,57,138,155,90,88,122,106,107,73,123,89,41,120,124,125
119,104,136,102,105,121,135,87,70,72,57,138,155,90,88,122,106,107,73,123,89,41,120,124,125,141,158
119,104,136,102,121
119,104,136,102,121,151,105
119,104,136,102,121,151,105,122,137
119,104,136,102,121,151,105,122,137,153,120
119,104,136,102,121,151,105,122,137,153,120,154,73,89,118,117,152
119,104,136,102,121,151,105,122,137,153,120,154,73,89,118,117,152,72,87
119,104,136,102,121,151,105,122,137,153,120,154,73,89,152
119,104,136,102,121,151,105,122,137,153,120,154,73,89,152,138,106
119,104,136,102,121,151,105,122,137,153,120,154,73,89,152,138,106,168,123
119,104,136,102,121,151,105,122,137,153,120,154,73,89,152,138,106,168,123,170,186
119,104,136,102,121,151,105,122,137,153,120,154,73,89,152,138,106,168,123,170,186,183
119,104,136,102,121,151,105,122,137,153,120,154,73,89,152,138,106,168,123,170,186,183,198
119,104,136,102,121,151,105,122,137,153,120,154,73,89,152,138,106,168,123,170,186,183,198,167,118,117,91,76,169,135,199
119,104,136,102,121,151,105,122,137,153,120,154,73,89,152,138,106,168,183
119,104,136,102,121,151,105,122,137,153,120,154,73,89,152,138,106,168,183,170,186
119,104,136,102,121,151,105,122,137,153,120,154,73,89,152,138,106,168,183,170,186,169,167
119,104,136,102,121,151,105,122,137,153,120,154,73,89,152,138,106,168,183,170,186,169,167,171,172
119,104,136,102,121,151,105,122,137,153,120,154,73,89,152,138,106,168,183,170,186,169,167,171,172,139,182,197,118,117,91,76,184,185,134
119,104,136,102,121,151,105,122,137,153,120,154,73,89,152,138,106,168,183,170,186,169,167,171,172,139,182,197,118,117,91,76,184,185,134,108,123
119,104,136,102,121,151,137
119,104,136,102,121,151,137,105,103
119,104,136,102,121,151,137,105,103,120,135
119,104,136,102,121,151,137,105,103,120,135,134,153
119,104,136,102,121,151,137,105,103,120,135,134,153,169,155
119,104,136,102,121,151,137,105,103,120,135,134,153,169,155,170,138,139,168
119,104,136,102,121,151,137,105,103,120,135,134,153,169,155,170,138,139,168,123,152
119,104,136,102,121,151,137,105,103,120,135,134,153,169,155,170,138,139,168,123,152,184,154,156,122
119,104,136,102,121,151,137,105,103,120,135,134,153,169,155,170,138,139,168,123,152,184,154,156,122,107,106,90
119,104,136,102,121,151,137,105,103,120,135,134,153,169,155,170,138,139,168,123,152,184,154,156,122,107,106,90,73
119,104,136,102,121,151,137,105,103,120,135,134,153,169,155,170,138,139,168,123,152,184,154,156,122,107,106,90,91
119,104,136,102,121,151,137,105,103,120,135,134,153,169,155,170,138,139,168,123,152,184,154,156,122,107,106,90,91,76
119,104,136,102,121,151,137,105,103,120,135,134,153,169,155,170,138,139,168,123,152,184,154,156,122,107,106,90,91,76,73
119,104,136,102,121,151,137,105,103,120,135,134,153,169,155,170,138,139,168,123,152,184,154,156,122,107,106,90,91,76,73,88
119,104,136,102,121,151,137,105,103,120,135,134,153,169,155,170,138,139,168,123,152,184,154,156,122,107,106,90,91,76,73,88,118
119,104,136,102,134
119,104,136,102,137
119,104,136,102,137,118
119,104,136,102,137,118,105
119,104,136,102,137,118,105,121,134
119,104,136,102,137,118,105,121,134,135,152
119,104,136,102,137,118,105,121,134,135,152,87,70
119,104,136,102,137,118,105,121,134,135,152,87,70,117,72
119,104,136,102,137,118,105,121,134,135,152,87,70,117,72,101,122
119,104,136,102,137,118,105,121,134,135,152,87,70,117,72,101,122,84,67
119,104,136,102,137,118,105,121,134,135,152,87,70,117,72,101,122,84,67,100,103
119,104,136,102,137,118,105,121,134,135,152,87,70,117,72,101,122,84,67,100,103,98
119,104,136,102,137,118,105,121,134,135,152,87,70,117,72,101,122,84,67,100,103,98,99
119,104,136,102,137,118,121
119,104,136,102,137,118,121,105
119,104,136,102,137,118,121,105,103
119,104,136,102,137,118,121,105,103,134
119,104,136,102,137,118,121,105,103,134,86
119,104,136,102,137,118,121,105,103,134,86,120
119,104,136,102,137,118,121,105,103,134,86,120,151
119,104,136,102,137,118,121,105,103,134,86,120,151,166
119,104,136,102,137,118,121,105,103,134,86,120,151,166,150
119,104,136,102,137,118,121,105,103,134,86,120,151,166,150,135
119,104,136,102,137,118,121,105,103,134,86,120,151,166,150,135,152
119,104,136,102,137,118,121,105,103,134,86,120,151,166,150,135,152,153
119,104,136,102,137,118,121,105,103,134,86,120,151,166,150,135,152,153,167
119,104,136,102,137,118,121,105,103,134,86,120,151,166,150,135,152,153,167,182
119,104,136,102,137,118,121,105,103,134,86,120,151,166,150,135,152,153,167,182,106
119,104,136,102,137,118,121,105,103,134,86,120,151,166,150,135,152,153,167,182,106,91
119,104,136,102,137,118,121,105,103,134,86,120,151,166,150,135,152,153,167,182,106,91,122
119,104,136,102,137,118,121,105,103,134,86,120,151,166,150,135,152,153,167,182,106,91,122,107
119,104,136,102,137,118,121,105,103,134,86,120,151,166,150,135,152,153,167,182,106,91,122,107,90
119,104,136,102,137,118,121,105,103,134,86,120,151,166,150,135,152,153,167,182,106,91,122,107,90,138
119,104,136,102,137,118,121,105,103,134,86,120,151,166,150,135,152,153,167,182,106,91,122,107,90,138,116
119,104,136,102,137,118,121,105,103,134,86,120,151,166,150,135,152,153,167,182,106,91,122,107,90,138,116,133
119,104,136,102,137,118,121,105,103,134,86,120,151,166,150,135,152,153,167,182,106,91,122,107,90,138,116,133,71
119,104,136,102,137,118,121,105,103,134,86,120,151,166,150,135,152,153,167,182,106,91,122,107,90,138,116,133,71,132
119,104,136,102,137,118,121,105,103,134,86,120,151,166,150,135,152,153,167,182,106,91,122,107,90,138,116,133,71,132,131
119,104,136,102,137,118,121,105,103,134,86,120,151,166,150,135,152,153,167,182,106,91,122,107,90,138,116,133,71,132,131,101
119,104,136,102,137,118,121,105,103,134,86,120,151,166,150,135,152,153,167,182,106,91,122,107,90,138,116,133,71,132,131,101,74
119,104,136,102,137,118,121,105,103,134,86,120,151,166,150,135,152,153,167,182,106,91,122,107,90,138,116,133,71,132,131,101,74,58
119,104,136,102,137,118,121,105,103,134,86,120,151,166,150,135,152,153,167,182,106,91,122,107,90,138,116,133,71,132,131,101,74,58,72
119,104,136,102,137,118,121,105,103,134,86,120,151,166,150,135,152,153,167,182,106,91,122,107,90,138,116,133,71,132,131,101,74,58,72,84
119,104,136,102,137,118,121,105,103,134,86,120,151,166,150,135,152,153,167,182,106,91,122,107,90,138,116,133,71,132,131,101,74,58,72,84,67
119,104,136,102,137,118,121,105,103,134,86,120,151,166,150,135,152,153,167,182,106,91,122,107,90,138,116,133,71,132,131,101,74,58,72,84,67,73
119,104,136,102,137,118,121,105,103,134,86,120,151,166,150,135,152,153,167,182,106,91,122,107,90,138,116,133,71,132,131,101,74,58,72,84,67,73,55
119,104,136,102,137,118,121,105,103,134,86,120,151,166,150,135,152,153,167,182,106,91,122,107,90,138,116,133,71,132,131,101,74,58,72,84,67,73,55,87
119,104,136,102,137,118,121,105,103,134,86,120,151,166,150,135,152,153,167,182,106,91,122,107,90,138,116,133,71,132,131,101,74,58,72,84,67,73,55,87,89
119,104,136,102,137,118,121,105,103,134,86,120,151,166,150,135,152,153,167,182,106,91,122,107,90,138,116,133,71,132,131,101,74,58,72,84,67,73,55,87,89,123
119,104,136,102,137,118,121,105,103,134,86,120,151,166,150,135,152,153,167,182,106,91,122,107,90,138,116,133,71,132,131,101,74,58,72,84,67,73,55,87,89,123,38
119,104,136,102,137,135
119,104,136,102,137,135,105,121
119,104,136,102,137,135,105,121,138,122
119,104,136,102,137,135,105,121,138,122,170,153
119,104,136,102,137,135,105,121,138,122,170,153,171,169
119,104,136,102,137,135,105,121,138,122,170,153,171,169,185,139
119,104,136,102,137,135,105,121,138,122,170,153,171,169,185,139,154,188
119,104,136,102,137,135,105,121,138,122,170,153,171,169,185,139,154,188,200,155
119,104,136,102,137,135,105,121,138,122,170,153,171,169,185,139,154,188,200,155,186,202
119,104,136,102,137,135,105,121,138,122,170,153,171,169,185,139,154,188,200,155,186,202,215,230
119,104,136,102,137,135,105,121,138,122,170,153,171,169,185,139,154,188,200,155,186,202,215,230,183,184
119,104,136,102,137,135,105,121,138,122,170,153,171,169,185,139,154,188,200,155,186,202,215,230,183,184,216
119,104,136,102,137,135,105,121,138,122,170,153,171,169,185,139,154,188,200,155,186,202,215,230,183,184,216,201
119,104,136,102,137,135,105,121,138,152
119,104,136,102,137,135,105,121,138,152,139,140
119,104,136,102,137,135,105,121,138,152,139,140,122,156
119,104,136,102,137,135,105,121,138,152,139,140,122,156,154,170
119,104,136,102,137,135,105,121,138,152,139,140,122,156,154,170,88,71
119,104,136,102,137,135,105,121,138,152,139,140,122,156,154,170,88,71,90,106
119,104,136,102,137,135,105,121,138,152,139,140,122,156,154,170,88,71,90,106,75,120
119,104,136,102,137,135,105,121,138,152,139,140,122,156,154,170,88,71,90,106,75,120,91,89
119,104,136,102,137,135,105,121,138,152,139,140,122,156,154,170,88,71,90,106,75,120,91,89,45
119,104,136,102,137,135,105,121,138,152,139,140,122,156,154,170,88,71,90,106,75,120,91,89,45,60
119,104,136,102,137,135,105,121,138,152,139,140,122,156,154,170,88,71,90,106,75,120,91,89,45,60,123,107
119,104,136,102,137,135,105,121,138,152,139,140,122,156,154,170,88,71,90,106,75,120,91,89,45,60,123,107,108,93
119,120,136,135,102,153,150,152,118,134,117,154,151,137,103
119,120,136,135,102,153,150,152,118,134,117,154,151,137,103,122
119,134,102,136
119,134,117,120
119,134,117,120,102,85
119,134,117,120,102,85,132,147
119,134,117,120,102,85,132,147,87,72
119,134,117,120,102,85,132,147,87,72,103,135
119,134,117,120,102,85,132,147,87,72,103,71
119,134,117,120,102,85,132,147,87,72,103,71,104,105
119,134,117,120,102,85,132,147,87,72,103,71,104,105,101,100
119,134,117,120,102,85,132,147,87,72,103,71,104,105,101,100,135,151
119,134,117,120,102,85,132,147,87,72,103,71,104,105,101,100,135,151,118,84
119,134,117,120,102,85,132,147,87,72,103,71,104,105,101,100,135,151,118,84,149,115
119,134,117,120,102,85,132,87
119,134,136
119,134,136,102
119,134,136,102,151
119,134,136,102,151,121,150
119,134,136,102,151,121,150,167,152
119,134,136,102,151,121,150,167,152,153,166
119,134,136,102,151,121,150,167,152,153,166,105,137
119,134,136,102,151,121,150,167,152,153,166,105,137,149,180
119,134,136,102,151,121,150,167,152,153,166,105,137,149,180,104,103
119,134,136,102,151,121,150,167,152,153,166,105,137,149,180,104,103,87,138
119,134,136,102,151,121,150,167,152,153,166,105,137,149,180,104,103,87,138,135,184
119,134,136,102,151,121,150,167,152,153,166,105,137,149,180,104,103,87,138,135,184,120,154
119,134,136,102,151,121,150,167,152,153,166,105,137,149,180,104,103,87,138,135,184,120,154,70
119,134,136,102,151,121,150,167,152,153,166,105,137,149,180,104,103,87,138,135,184,120,154,70,53
119,134,136,102,151,121,150,167,152,153,166,105,137,149,180,104,103,87,138,135,184,120,154,70,53,86,118
119,134,136,102,151,121,150,167,152,153,166,105,137,149,180,104,103,87,138,135,184,120,154,70,53,86,118,38,54
119,134,136,102,151,121,150,167,152,153,166,105,137,149,180,104,103,87,138,135,184,120,154,70,53,86,118,38,54,90,75
119,134,136,102,151,121,150,167,152,153,166,105,137,149,180,104,103,87,138,135,184,120,154,70,53,86,118,38,54,90,75,88,89
119,134,136,102,151,121,153
119,134,136,102,151,121,153,135,138
119,134,136,102,151,121,153,135,138,118,170,187,150
119,134,136,102,151,121,153,135,138,118,170,187,150,152,101
119,134,136,102,151,121,153,135,138,118,170,187,150,152,101,137,123
119,134,136,102,151,121,153,135,138,118,170,187,150,152,101,137,123,168,107
119,134,136,102,151,121,153,135,138,118,170,187,150,152,101,137,123,168,107,154,139
119,134,136,102,151,121,153,135,138,118,170,187,150,152,101,137,123,168,107,154,139,155,108,93,91,75,74
119,134,136,102,151,121,153,135,138,118,170,187,150,152,101,137,123,168,107,154,139,155,108,93,91,75,74,86,70
119,134,136,102,151,121,153,135,138,118,170,187,150,152,101,137,123,168,107,154,139,155,108,93,91,75,74,86,70,120,103
119,134,136,102,151,121,153,135,138,118,170,187,150,152,101,137,123,168,107,154,139,155,108,93,91,75,74,86,70,120,103,90,105
119,134,136,102,151,121,153,135,138,118,170,187,150,152,101,137,123,168,107,154,139,155,108,93,91,75,74,86,70,120,103,90,105,186,169
119,134,136,102,152
119,134,136,102,152,103
119,134,136,102,152,103,150,151,168
119,134,136,102,152,103,151
119,134,136,102,152,103,151,150
119,134,136,102,152,103,151,150,118
119,134,136,102,152,103,151,150,118,104
119,134,136,102,152,103,151,150,118,104,101
119,134,136,102,152,103,151,150,118,104,101,135
119,134,136,102,152,103,151,150,118,104,101,135,121
119,134,136,102,152,103,151,150,118,104,101,135,121,106
119,134,136,102,152,103,151,150,118,104,101,135,121,106,105
119,134,136,102,152,103,151,150,118,104,101,135,121,106,105,120
119,134,136,102,152,103,151,150,118,104,101,135,121,106,105,120,137
119,134,136,102,152,103,151,150,118,104,101,135,121,106,105,120,137,153
119,134,136,102,152,103,151,150,118,104,101,135,121,106,105,120,137,153,122
119,134,136,102,152,103,151,150,118,104,101,135,121,106,105,120,137,153,122,107
119,134,136,102,152,103,151,150,118,104,101,135,121,106,105,120,137,153,122,107,166
119,134,136,102,152,103,151,150,118,104,101,135,121,106,105,120,137,153,122,107,166,181
119,135,136
119,135,136,153,104
119,135,136,153,104,120,105
119,135,136,153,104,120,105,89,102
119,135,136,153,104,120,105,89,102,103,86
119,135,136,153,104,120,105,89,102,103,86,85,70
119,135,136,153,104,120,105,89,102,103,86,85,70,54,87
119,135,136,153,104,120,105,89,102,103,86,85,70,54,87,121,72
119,135,136,153,104,120,105,89,102,103,86,85,70,54,87,121,72,117,71
119,135,136,153,104,120,105,89,102,103,86,85,70,54,87,121,72,117,71,69,53,36,40
119,135,136,153,104,120,105,89,102,103,86,85,70,54,87,121,72,117,71,69,53,36,40,101,133
119,135,136,153,104,120,105,89,102,103,86,85,70,54,87,121,72,117,71,69,53,36,40,101,133,42,23
119,135,136,153,104,120,105,89,102,103,86,85,70,54,87,121,72,117,71,69,53,36,40,101,133,42,23,74,56,88,24,8,25
119,135,136,153,104,120,105,89,102,103,86,85,70,54,87,121,72,117,71,69,53,36,56
119,135,136,153,104,120,105,89,102,103,86,85,70,54,87,121,72,117,71,69,53,36,56,101,133
119,135,136,153,104,120,105,89,102,103,86,85,70,54,87,121,72,117,71,69,53,36,56,101,133,40,58
119,135,136,153,104,120,105,89,102,103,86,85,70,54,87,121,72,117,71,69,53,36,56,101,133,40,58,57,23
119,135,136,153,104,120,105,89,102,103,86,85,70,54,87,121,72,117,71,69,53,36,56,101,133,40,58,57,23,39,26
119,135,136,153,104,120,105,89,102,103,86,85,70,54,87,121,72,117,71,69,53,36,56,101,133,40,58,57,23,39,26,41,134,118,73,74,149,164,84
119,135,136,153,104,120,105,89,106
119,135,136,153,104,120,105,89,106,103,86
119,135,136,153,104,120,105,89,106,103,86,152,151
119,135,136,153,104,120,105,89,106,103,86,152,151,121,118
119,135,136,153,104,120,105,89,106,103,86,152,151,121,118,102,116
119,135,136,153,104,120,105,89,106,103,86,152,151,121,118,102,116,117
119,135,136,153,104,120,105,89,106,103,86,152,151,121,118,102,116,117,132
119,135,136,153,104,120,105,89,106,103,86,152,151,121,118,102,116,117,132,100,149
119,135,136,153,104,120,105,89,106,103,86,152,151,121,118,102,116,117,132,100,149,115
119,135,136,153,104,120,105,89,106,103,86,152,151,121,118,102,116,117,132,100,149,115,99
119,135,136,153,104,120,105,89,106,103,86,152,151,121,118,102,116,117,132,100,149,115,99,134
119,135,136,153,104,120,105,89,106,103,86,152,151,121,118,102,116,117,132,100,149,115,99,134,148
119,135,136,153,104,120,105,89,106,103,86,152,151,121,118,102,116,117,132,100,149,115,99,134,148,133
119,135,136,153,104,120,105,89,106,103,86,152,151,121,118,102,116,117,132,100,149,115,99,134,148,133,107
119,135,136,153,104,120,105,89,106,103,86,152,151,121,118,102,116,117,132,100,149,115,99,134,148,133,107,108
119,135,136,153,104,120,105,89,106,103,86,152,151,121,118,102,116,117,132,100,149,115,99,134,148,133,107,108,147
119,135,136,153,104,120,105,89,106,103,86,152,151,121,118,102,116,117,132,100,149,115,99,134,148,133,107,108,147,150
119,135,136,153,104,120,105,89,106,103,86,152,151,121,118,102,116,117,132,100,149,115,99,134,148,133,107,108,147,150,146
119,135,136,153,104,120,105,89,106,103,86,152,151,121,118,102,116,117,132,100,149,115,99,134,148,133,107,108,147,150,146,145
119,135,136,153,104,120,105,89,106,103,86,152,151,121,118,102,116,117,132,100,149,115,99,134,148,133,107,108,147,150,146,145,130
119,135,136,153,104,120,105,89,106,103,86,152,151,121,118,102,116,117,132,100,149,115,99,134,148,133,107,108,147,150,146,145,130,180
119,135,136,153,104,120,105,89,106,103,86,152,151,121,118,102,116,117,132,100,149,115,99,134,148,133,107,108,147,150,146,145,130,180,165
119,135,136,153,104,120,105,89,106,103,86,152,151,121,118,102,116,117,132,100,149,115,99,134,148,133,107,108,147,150,146,145,130,180,165,114
119,135,136,153,104,120,105,89,106,103,86,152,151,121,118,102,116,117,132,100,149,115,99,134,148,133,107,108,147,150,146,145,130,180,165,114,181
119,135,136,153,104,120,105,89,106,103,86,152,151,121,118,102,116,117,132,100,149,115,99,134,148,133,107,108,147,150,146,145,130,180,165,114,181,164
119,135,136,153,104,120,105,89,106,103,86,152,151,121,118,102,116,117,132,100,149,115,99,134,148,133,107,108,147,150,146,145,130,180,165,114,181,164,131
119,135,136,153,104,120,105,89,106,103,86,152,151,121,118,102,116,117,132,100,149,115,99,134,148,133,107,108,147,150,146,145,130,180,165,114,181,164,131,101
119,135,136,153,104,120,105,89,106,103,86,152,151,121,118,102,116,117,132,100,149,115,99,134,148,133,107,108,147,150,146,145,130,180,165,114,181,164,131,101,128
119,135,136,153,104,120,105,89,106,103,86,152,151,121,118,102,116,117,132,100,149,115,99,134,148,133,107,108,147,150,146,145,130,180,165,114,181,164,131,101,128,129
119,135,136,153,104,120,105,89,106,103,86,152,151,121,118,102,116,117,132,100,149,115,99,134,148,133,107,108,147,150,146,145,130,180,165,114,181,164,131,101,128,129,161
119,135,136,153,104,120,105,89,106,103,86,152,151,121,118,102,116,117,132,100,149,115,99,134,148,133,107,108,147,150,146,145,130,180,165,114,181,164,131,101,128,129,161,176
119,135,136,153,104,120,105,89,106,103,86,152,151,121,118,102,116,117,132,100,149,115,99,134,148,133,107,108,147,150,146,145,130,180,165,114,181,164,131,101,128,129,161,176,196
119,135,136,153,104,120,105,89,106,103,86,152,151,121,118,102,116,117,132,100,149,115,99,134,148,133,107,108,147,150,146,145,130,180,165,114,181,164,131,101,128,129,161,176,196,166
119,135,136,153,104,120,105,89,106,103,86,152,151,121,118,102,116,117,132,100,149,115,99,134,148,133,107,108,147,150,146,145,130,180,165,114,181,164,131,101,128,129,161,176,196,166,197
119,135,136,153,104,120,105,89,106,103,86,152,151,121,118,102,116,117,132,100,149,115,99,134,148,133,107,108,147,150,146,145,130,180,165,114,181,164,131,101,128,129,161,176,196,166,197,213
119,135,136,153,104,120,105,89,106,103,86,152,151,121,118,102,116,117,132,100,149,115,99,134,148,133,107,108,147,150,146,145,130,180,165,114,181,164,131,101,128,129,161,176,196,166,197,213,199
119,135,136,153,104,120,105,89,106,103,86,152,151,121,118,102,116,117,132,100,149,115,99,134,148,133,107,108,147,150,146,145,130,180,165,114,181,164,131,101,128,129,161,176,196,166,197,213,199,182
119,135,136,153,104,120,105,89,106,103,86,152,151,121,118,102,116,117,132,100,149,148
119,135,136,153,104,120,105,89,106,103,86,152,151,121,118,102,116,117,132,100,149,148,101
119,135,136,153,104,120,105,89,106,103,86,152,151,121,118,102,116,117,132,100,149,148,101,131
119,135,136,153,104,120,105,89,106,103,86,152,151,121,118,102,116,117,132,100,149,148,101,131,122
119,135,136,153,104,120,105,89,106,103,86,152,151,121,118,102,116,117,132,100,149,148,101,131,122,71
119,135,136,153,104,120,105,89,106,103,86,152,151,121,118,102,116,117,132,100,149,148,101,131,122,71,107
119,135,136,153,104,120,105,89,106,103,86,152,151,121,118,102,116,117,132,100,149,148,101,131,122,71,107,108
119,135,136,153,104,120,105,89,106,103,86,152,151,121,118,102,116,117,132,100,149,148,101,131,122,71,107,108,166
119,135,136,153,104,120,105,89,106,103,86,152,151,121,118,102,116,117,132,100,149,148,101,131,122,71,107,108,166,115
119,135,136,153,104,120,105,89,106,103,86,152,151,121,118,102,116,117,132,100,149,148,101,131,122,71,107,108,166,115,134
119,135,136,153,104,120,105,89,106,103,86,152,151,121,118,102,116,117,132,100,149,148,101,131,122,71,107,108,166,115,134,164
119,135,136,153,104,120,105,89,106,103,86,152,151,121,118,102,116,117,132,100,149,148,101,131,122,71,107,108,166,115,134,164,181
119,135,136,153,104,120,105,89,106,103,86,152,151,121,118,102,116,117,132,100,149,148,101,131,122,71,107,108,166,115,134,164,181,196
119,135,136,153,104,120,105,89,106,103,86,152,151,121,118,102,116,117,132,100,149,148,101,131,122,71,107,108,166,115,134,164,181,196,182
119,135,136,153,104,120,105,89,106,103,86,152,151,121,118,102,116,117,132,100,149,148,101,131,122,71,166
119,135,136,153,104,120,105,89,106,103,86,152,151,121,118,102,116,117,132,100,149,148,101,131,122,71,166,115,165
119,135,136,153,104,120,105,89,106,103,86,152,151,121,118,102,116,117,132,100,149,148,101,131,122,71,166,115,165,181
119,135,136,153,104,120,105,89,106,103,86,152,151,121,118,102,116,117,132,100,149,148,101,131,122,71,166,115,165,181,107
119,135,136,153,104,120,105,89,106,103,86,152,151,121,118,102,116,117,132,100,149,148,101,131,122,71,166,115,165,181,107,108
119,135,136,153,104,120,105,89,106,103,86,152,151,121,118,102,116,117,132,100,149,148,101,131,122,71,166,183
119,135,136,153,104,120,105,89,106,103,86,152,151,121,118,102,116,117,132,100,149,148,101,131,122,71,166,183,165
119,135,136,153,104,120,105,89,106,103,86,152,151,121,118,102,116,117,132,100,149,148,101,131,122,71,166,183,165,98
119,135,136,153,104,120,105,89,106,103,86,152,151,121,118,102,116,117,132,100,149,148,101,131,166
119,135,136,153,104,120,105,89,106,103,86,152,151,121,118,102,116,117,132,100,149,148,101,131,166,115,183
119,135,136,153,104,120,105,89,106,103,86,152,151,121,118,102,116,117,132,100,149,148,101,131,166,115,183,200,181
119,135,136,153,104,120,105,89,106,103,86,152,151,121,118,102,116,117,132,100,149,148,101,131,56
119,135,136,153,104,120,105,89,106,103,86,152,151,121,118,102,116,117,132,100,149,148,101,131,56,71
119,135,136,153,104,120,105,89,106,103,86,152,151,121,118,102,116,117,132,100,149,148,101,131,56,71,107
119,135,136,153,104,120,105,89,106,103,86,152,151,121,118,102,116,117,132,100,149,148,101,131,56,71,107,108
119,135,136,153,104,120,105,89,106,103,86,152,151,121,118,102,116,117,132,100,149,148,101,131,56,71,107,108,166
119,135,136,153,104,120,105,89,106,103,86,152,151,121,118,102,116,117,132,100,149,148,101,131,56,71,107,108,166,115
119,135,136,153,104,120,105,89,106,103,86,152,151,121,118,102,116,117,132,100,149,148,101,131,56,71,107,108,166,115,134
119,135,136,153,104,120,105,89,106,103,86,152,151,121,118,102,116,117,132,100,149,148,101,131,56,71,107,108,166,115,134,164
119,135,136,153,104,120,105,89,106,103,86,152,151,121,118,102,116,117,132,100,149,148,101,131,56,71,107,108,166,115,134,164,181
119,135,136,153,104,120,105,89,106,103,86,152,151,121,118,102,116,117,132,100,149,148,101,131,56,71,107,108,166,115,134,164,181,196
119,135,136,153,104,120,105,89,106,103,86,152,151,121,118,102,116,117,132,100,149,148,101,131,56,71,107,108,166,115,134,164,181,196,182
119,135,136,153,104,120,105,89,106,103,86,152,151,121,118,102,116,117,132,100,149,148,101,131,56,71,107,108,166,115,134,164,181,196,182,150
119,135,136,153,104,120,105,89,106,103,86,152,151,121,118,102,116,117,132,100,149,148,101,131,56,71,107,108,166,115,134,164,181,196,182,150,183
119,135,136,153,104,120,105,89,106,103,86,152,151,121,118,102,116,117,132,100,149,148,101,131,56,71,107,108,166,115,134,164,181,196,182,150,183,200
119,135,136,153,104,120,105,89,106,103,86,152,151,121,118,102,116,117,132,100,149,148,107
119,135,136,153,104,120,105,89,106,103,86,152,151,121,118,102,116,117,132,100,149,148,107,108
119,135,136,153,104,120,105,89,106,103,86,152,151,121,118,102,116,117,132,100,99,131,149,164,82,65,71,101,166,183,122,88,107,108,90,74,69,68,98,115,114
119,136
119,136,104,102
119,136,104,134
119,136,104,134,105,103
119,136,104,134,105,103,137,121
119,136,104,134,105,103,137,121,106,151
119,136,104,134,105,103,137,121,106,151,107,108
119,136,104,134,105,103,137,121,106,151,107,108,122,152
119,136,104,134,105,103,137,121,106,151,107,108,122,152,77,92
119,136,104,134,105,103,137,121,106,151,107,108,122,152,77,92,74,90
119,136,104,134,105,103,137,121,106,151,107,108,122,152,77,92,74,90,75,166,181,76
119,136,104,134,105,118
119,136,104,134,105,118,121,102
119,136,104,134,105,118,121,102,86,133
119,136,104,134,105,118,121,102,86,133,137,153
119,136,104,134,105,118,121,102,86,133,137,153,87,150,166
119,136,104,134,105,118,121,102,86,133,137,153,87,150,166,135,132,138
119,136,104,134,105,118,121,103
119,136,104,134,105,118,121,103,137,89
119,136,104,134,105,118,121,103,137,89,153,169
119,136,104,134,105,118,121,103,137,89,153,169,138,155
119,136,104,134,105,118,121,103,137,89,153,169,138,155,123,108
119,136,104,134,105,118,121,103,137,89,153,169,138,155,123,108,70
119,136,104,134,105,118,121,103,137,89,153,169,138,155,123,108,70,87
119,136,104,134,105,118,121,103,137,89,153,169,138,155,123,108,70,87,122,120
119,136,104,134,105,118,121,103,137,89,153,169,138,155,123,108,70,87,122,120,124
119,136,104,134,105,118,121,103,137,89,153,169,138,155,123,108,70,87,122,120,124,125
119,136,104,134,105,118,121,103,137,89,153,169,138,155,123,108,70,87,122,120,124,125,152,107
119,136,104,134,105,118,121,103,137,89,153,169,138,155,123,108,70,87,122,120,124,125,152,107,167
119,136,104,134,105,118,121,103,137,89,153,169,138,155,123,108,70,87,122,120,124,125,152,107,167,182
119,136,104,134,105,118,121,103,137,89,153,169,138,155,123,108,70,87,122,120,124,125,152,107,167,182,183
119,136,104,134,105,118,121,103,137,89,153,169,138,155,70
119,136,104,134,105,118,121,103,137,89,153,169,138,155,70,87
119,136,104,134,105,118,137,150
119,136,104,134,105,118,137,150,102,103
119,136,104,134,105,118,137,150,102,103,121,89
119,136,104,134,105,118,137,150,102,103,121,89,153
119,136,104,134,105,118,137,150,102,103,121,89,153,169
119,136,104,134,105,118,137,150,102,103,121,89,153,169,138,87
119,136,104,134,105,118,137,150,102,103,121,89,153,169,138,87,155
119,136,104,134,105,118,137,150,102,103,121,89,153,169,138,87,155,172
119,136,104,134,105,118,137,150,102,103,121,89,153,169,138,87,155,172,123,108
119,136,104,134,105,118,137,150,102,103,121,89,153,169,138,87,155,172,123,108,120
119,136,104,134,105,118,137,150,102,103,121,89,153,169,138,87,155,172,123,108,120,122
119,136,104,134,105,118,137,150,102,103,121,89,153,169,138,87,155,172,123,108,120,122,168
119,136,104,134,105,118,137,150,102,103,121,89,153,169,138,87,155,172,123,108,120,122,168,183
119,136,104,134,105,118,137,150,102,103,121,89,153,169,138,87,155,172,123,108,120,122,168,183,154,166
119,136,104,134,105,118,137,150,102,103,121,89,153,169,138,87,155,172,123,108,120,122,168,183,154,166,182
119,136,104,134,105,118,137,150,102,103,121,89,153,169,138,87,155,172,123,108,120,122,168,183,154,166,182,156
119,136,104,134,105,135
119,136,104,134,105,135,137,150
119,136,104,134,105,135,137,150,121,153
119,136,104,134,105,135,137,150,121,153,73,89
119,136,104,134,105,135,137,150,121,153,73,89,87,138
119,136,104,134,105,135,137,150,121,153,73,89,87,138,70,53
119,136,104,134,105,135,137,150,121,153,73,89,87,138,70,53,71,133,132,72
119,136,104,134,105,135,137,150,121,153,73,89,87,138,70,53,71,133,132,72,103,55
119,136,104,134,105,137,135,103,120,90,74,89,72,88,91,118,150,165,73,87,86,75,108,125,70,71,40,57,55,85,92,106,38,54,21,4,22,39,24,23,10,25,8,56,11,151
119,136,104,134,105,137,135,103,120,90,74,89,72,88,91,118,150,165,73,87,86,75,108,125,70,71,40,57,55,85,92,106,38,54,21,4,22,39,24,23,10,25,8,56,11,9,151,148,133,167,182,164,166,122,123,99,84,132,116,147,198,214,196,162,181,211,177,114,131,146,130
119,136,104,134,105,150
119,136,104,134,105,150,103,102
119,136,104,134,105,150,103,102,118,117
119,136,104,134,105,150,103,102,118,117,133,88
119,136,104,134,105,150,103,102,118,117,133,88,107,106
119,136,104,134,105,150,103,102,118,117,133,88,107,106,148
119,136,104,134,105,150,103,102,118,117,133,88,107,106,148,163
119,136,104,134,105,150,103,102,118,117,133,88,107,106,148,163,87
119,136,104,134,105,150,103,102,118,117,133,88,107,106,148,163,87,135,121,70
119,136,104,134,105,150,103,102,118,117,133,88,107,106,148,163,87,135,121,70,137,89
119,136,104,134,105,150,103,102,118,117,133,88,107,106,148,163,87,135,121,70,137,89,55
119,136,104,134,105,150,103,102,118,117,133,88,107,106,148,163,87,135,121,70,137,89,55,71
119,136,104,134,105,150,103,102,118,117,133,88,107,106,148,163,87,71
119,136,104,134,105,150,103,102,118,117,133,88,107,106,148,163,87,71,121
119,136,104,134,105,150,103,102,118,117,133,88,107,106,148,163,87,71,121,70
119,136,104,134,105,150,103,102,118,117,133,88,107,106,87
119,136,104,134,105,150,103,102,118,117,133,88,107,106,87,135
119,136,104,134,105,150,103,102,118,117,133,88,107,106,87,135,55,71
119,136,104,134,105,150,103,102,118,117,133,88,107,106,87,135,55,71,148,163
119,136,104,134,105,150,103,102,118,117,133,88,107,106,87,135,55,71,148,163,121,70
119,136,104,134,105,150,103,102,118,117,133,88,107,106,87,135,55,71,148,163,121,70,137,153
119,136,104,134,105,150,103,102,118,117,133,88,107,106,87,135,55,71,148,163,121,70,137,153,73
119,136,104,134,105,150,103,102,118,117,133,88,107,106,87,135,55,71,148,163,121,70,137,153,73,89
119,136,104,134,105,150,103,102,118,151
119,136,104,134,105,150,103,102,118,151,106,107
119,136,104,134,105,150,103,102,118,151,106,107,117,120
119,136,104,134,105,150,103,102,118,151,106,107,117,120,133,88
119,136,104,134,105,150,103,102,118,151,106,107,117,120,133,88,163
119,136,104,134,105,150,103,102,118,151,106,107,117,120,133,88,163,148
119,136,104,134,105,150,103,102,118,151,106,107,117,120,133,88,163,148,149
119,136,104,134,105,150,103,102,118,151,106,107,117,120,133,88,163,148,149,165
119,136,104,134,105,150,103,102,118,151,106,107,117,120,133,88,163,148,149,165,101
119,136,104,134,105,150,103,102,118,151,106,107,117,120,133,88,163,148,149,165,101,85
119,136,104,134,105,150,103,102,118,151,106,107,117,120,133,88,163,148,149,165,101,85,116
119,136,104,134,105,150,103,102,118,151,106,107,117,120,133,88,163,148,149,165,101,85,116,115
119,136,104,134,105,150,103,102,118,151,106,107,117,120,133,88,163,148,149,165,101,85,116,115,135
119,136,104,134,105,150,103,102,118,151,106,107,117,120,133,88,163,148,149,165,101,85,116,115,135,84
119,136,104,134,105,150,103,102,118,151,106,107,117,120,133,88,163,148,149,165,101,85,116,115,135,84,71
119,136,104,134,105,150,103,106
119,136,104,134,105,150,103,106,135,151
119,136,104,134,105,150,103,106,135,151,87
119,136,104,134,105,150,103,106,135,151,87,71
119,136,104,134,105,150,103,106,135,151,87,71,121,138
119,136,104,134,105,150,103,106,135,151,87,71,121,138,118,117
119,136,104,134,105,150,103,106,135,151,87,71,121,138,118,117,53
119,136,104,134,105,150,103,106,135,151,87,71,121,138,118,117,53,70
119,136,104,134,105,150,103,106,135,151,87,71,121,138,118,117,53,70,101
119,136,104,134,105,150,103,106,135,151,87,71,121,138,118,117,70
119,136,104,134,105,150,103,106,135,151,87,71,121,138,118,117,70,53
119,136,104,134,105,150,121,133
119,136,104,134,105,150,121,133,137,153
119,136,104,134,105,150,121,133,137,153,73,89
119,136,104,134,105,150,121,133,137,153,73,89,87,138
119,136,104,134,105,150,121,133,137,153,73,89,87,138,53
119,136,104,134,105,150,121,133,137,153,73,89,87,138,53,70
119,136,104,134,105,150,121,133,137,153,73,89,87,138,53,70,103,135,132,102
119,136,104,134,105,150,121,133,137,153,73,89,87,138,53,70,103,135,132,102,71,55
119,136,104,134,105,150,121,133,137,153,73,89,87,138,53,70,103,135,132,102,71,55,106,107
119,136,104,134,105,150,121,133,137,153,73,89,87,138,53,70,103,135,132,102,71,55,106,107,118,120
119,136,104,134,105,150,121,151
119,136,104,134,105,150,121,151,106,103
119,136,104,134,105,150,121,151,106,103,107,108
119,136,104,134,105,150,121,151,106,103,107,108,138,155
119,136,104,134,105,150,121,151,106,107
119,136,104,134,105,150,121,151,106,107,87,138
119,136,104,134,105,150,121,151,106,107,87,138,53
119,136,104,134,105,150,121,151,106,107,87,138,53,70
119,136,104,134,105,150,121,151,106,107,87,138,53,70,103,102
119,136,104,89
119,136,104,89,134,106
119,136,104,89,134,106,151,123
119,136,104,89,134,106,151,123,72,102
119,136,104,89,134,106,151,123,72,102,135,167
119,136,104,89,134,106,151,123,72,102,135,167,149,164
119,136,104,89,134,106,151,123,72,102,135,167,149,164,148,150
119,136,104,89,134,106,151,123,72,102,135,167,149,164,148,152
119,136,104,89,134,106,151,123,72,102,135,167,149,164,148,152,103,87
119,136,104,89,134,106,151,123,72,102,135,167,149,164,148,152,103,87,150,147
119,136,104,89,134,106,151,123,72,102,135,167,149,164,148,152,103,87,150,147,120,117,132,140,157,165
119,136,104,89,134,106,151,123,72,102,135,167,149,164,148,152,103,87,150,147,120,117,132,140,157,165,56,88
119,136,104,89,134,106,151,123,72,102,135,167,149,164,148,152,103,87,150,147,120,117,132,140,157,165,56,88,90,105
119,136,104,89,134,106,151,123,72,102,135,167,149,164,148,152,103,87,150,147,120,117,132,140,157,165,56,88,90,105,133,131
119,136,104,89,134,106,151,123,72,102,135,167,149,164,148,152,103,87,150,147,120,117,132,140,157,165,56,88,90,105,133,131,118,163
119,136,104,89,134,106,151,123,72,102,135,167,149,164,148,152,103,87,150,147,120,117,132,140,157,165,56,88,90,105,133,131,118,163,166,182
119,136,121,118
119,136,121,118,104,134
119,136,121,118,104,134,137,150
119,136,121,118,104,134,137,150,102,167
119,136,121,118,104,89
119,136,121,118,104,89,138,87
119,136,121,118,104,89,138,87,123,86
119,136,121,118,104,89,138,87,123,86,122,120
119,136,121,118,104,89,138,87,123,86,122,120,90,154
119,136,121,118,104,89,138,87,123,86,122,120,90,154,155,172
119,136,121,118,104,89,138,87,123,86,122,120,90,154,155,172,106
119,136,121,118,104,89,138,87,123,86,122,120,90,154,155,172,106,74
119,136,121,118,104,89,138,87,123,86,122,120,90,154,155,172,106,74,103,107
119,136,121,118,104,89,138,87,123,86,122,120,90,154,155,172,106,74,103,107,125
119,136,121,118,104,89,138,87,123,86,122,120,90,154,155,172,106,74,103,107,125,124
119,136,121,118,104,89,138,87,123,86,122,120,90,154,155,172,106,74,103,107,125,124,140,170
119,136,121,118,104,89,138,87,123,86,122,120,90,154,155,172,106,74,103,107,125,124,140,170,102
119,136,121,118,104,89,138,87,123,86,122,120,90,154,155,172,106,74,103,107,125,124,140,170,102,105
119,136,121,118,104,89,138,87,123,86,122,120,90,154,155,172,106,74,103,107,125,124,140,170,102,105,101
119,136,121,118,104,89,138,87,123,86,122,120,90,154,155,172,106,74,103,107,125,124,140,170,102,105,101,100
119,136,121,118,104,89,138,87,123,88
119,136,121,118,104,89,138,87,123,88,122,120
119,136,121,118,104,89,138,87,123,88,122,120,155,172
119,136,121,118,104,89,138,87,123,88,122,120,155,172,90,154
119,136,121,118,104,89,138,87,123,88,122,120,155,172,90,154,106,74
119,136,121,118,104,89,138,87,123,88,122,120,155,172,90,154,106,74,103,107
119,136,121,118,104,89,138,87,123,88,122,120,155,172,90,154,106,74,103,107,102,105
119,136,121,118,104,89,138,87,123,88,122,120,155,172,90,154,106,74,103,107,102,105,100
119,136,121,118,104,89,138,87,123,88,122,120,155,172,90,154,106,74,103,107,102,105,100,101
119,136,121,118,104,89,138,87,123,88,122,120,155,172,90,154,106,74,103,107,102,105,100,101,125,124
119,136,121,118,104,89,138,87,123,88,122,120,155,172,90,154,106,74,103,107,102,105,100,101,125,124,140,170
119,136,121,120
119,136,121,120,104
119,136,121,120,104,134
119,136,121,120,104,134,105,137
119,136,121,120,104,134,105,137,138,87
119,136,121,120,104,134,105,137,138,87,106,133,135,107
119,136,121,120,104,134,105,137,138,87,106,133,135,107,103,102
119,136,121,120,104,134,105,137,138,87,106,133,135,107,103,102,151,167
119,136,121,120,104,134,105,137,138,87,106,133,135,107,103,102,151,167,155,172
119,136,121,120,104,134,105,137,138,87,106,133,135,107,103,102,151,167,155,172,122,154
119,136,121,120,104,134,105,137,138,87,106,133,135,107,103,102,151,167,155,172,122,154,74
119,136,121,120,104,134,105,137,138,87,106,133,135,107,103,102,151,167,155,172,122,154,74,90
119,136,121,120,104,134,105,137,138,87,106,133,135,107,103,102,151,167,155,172,122,154,74,90,89
119,136,121,120,104,134,105,137,138,87,106,133,135,107,103,102,151,167,155,172,122,154,74,90,89,59
119,136,121,120,104,134,105,137,138,87,106,133,135,107,103,102,151,167,155,172,122,154,74,90,89,59,73,57
119,136,121,120,104,87
119,136,121,120,104,87,134,149
119,136,121,120,104,87,134,149,138,89
119,136,121,120,104,87,134,149,138,89,153,90
119,136,121,120,104,87,134,149,138,89,153,90,88,168
119,136,121,120,104,87,134,149,138,89,153,90,88,168,154,152,184,169
119,136,121,120,104,87,134,149,138,89,153,90,88,168,154,152,184,169,155,172
119,136,121,120,104,87,134,149,138,89,153,90,88,168,154,152,184,169,155,172,186,170,171,156
119,136,121,120,104,87,134,89
119,136,121,120,104,87,134,89,86,90
119,136,121,120,104,87,134,89,86,90,135,72
119,136,121,120,104,87,134,89,86,90,135,72,102,88,91,118
119,136,121,120,104,87,134,89,86,90,135,72,102,88,91,118,149
119,136,121,120,104,87,134,89,86,90,135,72,102,88,91,118,149,164
119,136,121,120,104,87,134,89,86,90,135,72,102,88,91,118,149,164,101,103
119,136,121,120,104,87,134,89,86,90,135,72,102,88,91,118,149,164,101,103,133,73,58,117
119,136,121,120,104,87,134,89,86,90,135,92
119,136,121,120,104,87,134,89,86,90,135,92,91,75
119,136,121,120,104,87,134,89,86,90,135,92,91,75,118,60,105,45,30,102
119,136,121,120,104,87,134,89,86,90,135,92,91,75,118,60,105,45,30,102,149
119,136,121,120,104,87,134,89,86,90,135,92,91,75,118,60,105,45,30,102,149,164
119,136,121,120,104,87,134,89,86,90,135,92,91,75,118,60,105,45,30,102,149,164,101,152
119,136,121,120,104,87,134,89,86,90,135,92,91,75,118,60,105,45,30,102,149,164,101,152,67
119,136,121,120,104,87,134,89,86,90,135,92,91,75,118,60,105,45,30,102,149,164,101,152,67,84
119,136,121,120,104,87,134,89,86,90,135,92,91,75,118,60,105,45,30,102,149,164,101,152,84,67,116,168,184,71
119,136,121,120,104,89
119,136,121,122
119,136,121,122,104,138
119,136,121,122,104,138,135,106
119,136,121,122,104,138,135,106,90,137
119,136,121,122,104,138,135,106,90,137,89,154,170,74
119,136,121,122,104,138,135,106,90,137,89,154,170,74,134,149
119,136,121,122,104,138,135,106,90,139
119,136,121,122,104,138,135,106,90,139,89,154,170,74
119,136,121,122,104,138,135,106,90,139,89,154,170,74,134,149
119,136,134,104
119,136,134,104,150
119,136,134,104,150,103
119,136,134,104,150,103,151
119,136,134,104,150,103,151,152
119,136,134,104,150,103,151,152,120
119,136,134,104,150,103,151,152,120,102
119,136,134,104,150,103,151,152,120,102,105
119,136,134,104,150,103,151,152,120,102,105,135
119,136,134,104,150,103,151,152,120,102,105,135,117
119,136,134,104,150,103,151,152,120,102,105,135,117,100
119,136,134,104,150,103,151,152,120,102,105,135,117,100,101
119,136,134,104,150,103,151,152,120,102,105,135,117,100,101,118
119,136,134,104,150,103,151,152,120,102,105,135,117,100,101,118,133
119,136,134,104,150,103,151,152,120,102,105,135,117,100,101,118,133,149
119,136,134,104,150,103,151,152,120,102,105,135,117,100,101,118,133,149,116
119,136,134,104,150,103,151,152,120,102,105,135,117,100,101,118,133,149,116,99
119,136,134,104,150,103,151,152,120,102,105,135,117,100,101,118,133,149,116,99,168
119,136,134,104,150,103,151,152,120,102,105,135,117,100,101,118,133,149,116,99,168,185
119,136,134,104,150,103,151,152,120,102,105,135,117,100,101,118,133,149,116,99,168,185,167
119,136,134,104,150,103,151,152,120,102,105,135,117,100,101,118,133,149,116,99,168,185,167,184
119,136,134,104,150,103,151,152,120,102,105,135,117,100,101,118,133,149,116,99,168,185,167,184,169
119,136,134,104,150,103,151,152,120,102,105,135,117,100,101,118,133,149,116,99,168,185,167,184,169,166
119,136,134,104,150,103,151,152,120,102,105,135,117,100,101,118,133,149,116,99,168,185,167,184,169,166,71
119,136,134,104,150,103,151,152,120,102,105,135,117,100,101,118,133,149,116,99,168,185,167,184,169,166,71,86
119,136,134,104,150,103,151,152,120,102,105,135,117,100,101,118,133,149,116,99,168,185,167,184,169,166,71,86,122
119,136,134,104,150,103,151,152,120,102,105,135,117,100,101,118,133,149,116,99,168,185,167,184,169,166,71,86,122,70
119,136,134,104,150,103,151,152,120,102,105,135,117,100,101,118,133,149,116,99,168,185,167,184,169,166,71,86,122,70,54
119,136,134,104,150,103,151,152,120,102,105,135,117,100,101,118,133,149,116,99,168,185,167,184,169,166,71,86,122,70,54,88
119,136,134,104,150,103,151,152,120,102,105,135,117,100,101,118,133,149,116,99,168,185,167,184,169,166,71,86,122,70,54,88,170
119,136,134,104,150,103,151,152,120,102,105,135,117,100,101,118,133,149,116,99,168,185,167,184,169,166,71,86,122,70,54,88,170,171
119,136,134,104,150,103,151,152,120,102,105,135,117,100,101,118,133,149,116,99,168,185,167,184,169,166,71,86,122,70,54,88,170,171,138
119,136,134,104,150,103,151,152,120,102,105,135,117,100,101,118,133,149,116,99,168,185,167,184,169,166,71,86,122,70,54,88,170,171,138,73
119,136,134,104,150,103,151,152,120,102,105,135,117,100,101,118,133,149,116,99,168,185,167,184,169,166,71,86,122,70,54,88,170,171,138,73,58
119,136,134,104,150,103,151,152,120,102,105,135,117,100,101,118,133,149,116,99,168,185,167,184,169,166,71,86,122,70,54,88,170,171,138,73,58,154
119,136,134,104,150,103,151,152,120,102,105,135,117,100,101,118,133,149,116,99,168,185,167,184,169,166,71,86,122,70,54,88,170,171,138,73,58,154,123
119,136,134,104,150,103,151,152,120,102,105,135,117,100,101,118,133,149,116,99,168,185,167,184,169,166,71,86,122,70,54,88,170,171,138,73,58,154,123,121
119,136,134,104,150,103,151,152,120,102,105,135,117,100,101,118,133,149,116,99,168,185,167,184,169,166,71,86,122,70,54,88,170,171,138,73,58,154,123,121,153
119,136,134,104,150,103,152
119,136,134,104,150,103,152,151
119,136,134,104,150,103,152,151,166
119,136,134,104,150,103,152,151,166,118
119,136,134,104,150,103,152,151,166,118,182
119,136,134,104,150,103,152,151,166,118,182,198
119,136,134,104,150,103,152,151,166,118,182,198,167
119,136,134,104,150,103,152,151,166,118,182,198,167,197
119,136,134,104,150,103,152,151,166,118,182,198,167,197,122
119,136,134,104,150,103,152,151,166,118,182,198,167,197,122,137
119,136,134,104,150,103,152,151,166,118,182,198,167,197,122,137,165
119,136,134,104,150,103,152,151,166,118,182,198,167,197,122,137,165,164
119,136,134,104,150,103,152,151,166,118,182,198,167,197,122,137,165,164,168
119,136,134,104,150,103,152,151,166,118,182,198,167,197,122,137,165,164,168,169
119,136,134,104,150,103,152,151,166,118,182,198,167,197,122,137,165,164,168,169,184
119,136,134,104,150,103,152,151,166,118,182,198,167,197,122,137,165,164,168,169,184,201
119,136,134,104,150,103,152,151,166,118,182,198,167,197,122,137,165,164,168,169,184,201,116
119,136,134,104,150,103,152,151,166,118,182,198,167,197,122,137,165,164,168,169,184,201,116,133
119,136,134,104,150,103,152,151,166,118,182,198,167,197,122,137,165,164,168,169,184,201,116,133,216
119,136,134,104,150,103,152,151,166,118,182,198,167,197,122,137,165,164,168,169,184,201,116,133,216,200
119,136,134,104,150,103,152,151,166,182,118,102,101
119,136,134,104,150,103,152,151,166,182,118,102,101,135,116
119,136,134,104,150,103,152,151,166,182,118,102,101,135,116,117,167
119,136,134,104,150,103,152,151,166,182,118,102,101,135,116,117,167,133,164
119,136,134,104,150,103,152,151,166,182,118,102,101,135,116,117,167,133,164,106
119,136,134,104,150,103,152,151,166,182,118,102,101,135,116,117,167,133,164,106,105
119,136,134,104,150,103,152,151,166,182,118,102,101,135,116,117,167,133,164,106,105,121
119,136,134,104,150,103,152,151,166,182,118,102,101,135,116,117,167,133,164,106,105,121,91
119,136,134,104,150,103,152,151,166,182,118,102,101,135,116,117,167,133,164,106,105,121,91,165
119,136,134,104,150,103,152,151,166,182,118,102,101,135,116,117,167,133,164,106,105,121,91,165,149
119,136,134,104,150,103,152,151,166,182,118,102,101,135,116,117,167,133,164,106,105,121,91,165,149,179,146
119,136,134,104,150,103,152,151,166,182,149
119,136,134,104,150,103,152,151,166,182,149,102,105
119,136,134,104,150,103,152,151,166,182,149,102,105,165,132
119,136,134,104,150,103,152,151,166,182,149,102,105,165,132,115,135
119,136,134,104,150,103,152,151,166,182,149,102,105,165,132,115,135,148,131,133,120,90,118
119,136,134,104,150,103,152,151,166,182,149,102,105,165,132,115,135,148,131,133,120,90,118,101,100
119,136,134,104,150,103,152,151,166,182,149,102,105,165,132,115,135,148,131,133,120,90,118,101,100,121
119,136,134,104,150,105
119,136,134,104,150,105,118,166
119,136,134,104,150,105,118,166,120,121
119,136,134,104,150,105,118,166,120,121,117,116
119,136,134,104,150,105,118,166,120,121,117,116,151,168
119,136,134,104,150,105,118,166,120,121,117,116,151,168,103,87
119,136,134,104,150,105,118,166,120,121,117,116,151,168,103,87,83
119,136,134,104,150,105,118,166,120,121,117,116,151,168,103,87,83,100
119,136,134,104,150,105,118,166,120,121,117,116,151,168,103,87,83,100,86
119,136,134,104,150,105,118,166,120,121,117,116,151,168,103,87,83,100,86,102
119,136,134,104,150,105,151,121
119,136,134,104,150,105,151,121,166,118
119,136,134,104,150,105,151,121,166,118,182,198
119,136,134,104,150,105,151,121,166,118,182,198,168,185
119,136,134,104,150,120
119,136,134,104,150,120,152,105
119,136,134,104,150,120,152,105,151,153
119,136,134,104,150,120,152,105,151,153,148,149
119,136,134,104,150,120,152,105,151,153,148,149,117,168
119,136,134,104,150,120,152,105,151,153,148,149,117,168,100,83
119,136,134,104,150,120,152,105,151,153,148,149,117,168,100,83,116,88,72,132
119,136,134,104,150,120,152,105,151,153,148,149,117,168,100,83,116,88,72,132,118,115
119,136,134,104,151
119,136,134,104,151,117,150
119,136,134,104,151,117,150,152,120
119,136,134,104,151,117,150,152,168
119,136,134,104,151,117,150,152,168,103,166
119,136,134,104,151,117,150,152,168,103,166,88
119,136,134,104,151,117,150,152,168,103,166,88,120
119,136,134,104,151,117,150,152,168,103,166,88,120,118,133
119,136,134,104,151,117,150,152,168,103,166,88,120,118,133,167,132
119,136,134,104,151,117,150,152,168,103,166,88,120,118,133,167,132,135,182,198,185,202,131,130,101
119,136,134,104,151,117,150,152,168,103,166,88,120,118,133,167,132,135,182,198,185,202,131,130,101,186,169
119,136,134,104,151,117,150,152,168,103,166,88,120,118,133,167,132,135,182,198,185,202,131,130,101,186,169,105
119,136,134,104,151,117,150,152,168,103,166,88,120,118,133,167,132,135,182,198,185,202,131,130,101,186,169,105,106
119,136,134,104,151,117,150,152,168,103,166,88,120,118,133,167,132,135,182,198,185,202,131,130,101,186,169,105,106,73
119,136,134,104,151,117,150,152,168,103,166,88,120,118,133,167,132,135,182,198,185,202,131,130,101,73
119,136,134,104,151,117,150,152,168,103,166,88,120,118,133,167,132,135,182,198,185,202,131,130,101,73,58
119,136,134,104,151,117,150,152,168,103,166,88,120,118,133,167,132,135,182,198,185,202,131,130,101,73,58,186,169
119,136,134,104,151,117,150,152,168,103,166,88,120,118,133,167,132,135,182,198,185,202,131,130,101,73,58,186,169,105,106
119,136,134,104,151,117,150,152,168,103,166,88,120,118,133,167,132,135,182,198,185,202,131,130,101,73,58,186,169,105,106,122,139
119,136,134,104,151,117,150,152,168,103,166,88,120,118,133,167,132,135,182,198,185,202,131,130,101,73,58,186,169,105,106,122,139,71,54
119,136,134,104,151,117,150,152,168,103,166,88,120,118,133,167,132,135,182,198,185,202,131,130,101,73,58,186,169,105,106,122,139,71,54,56,39
119,136,134,104,151,117,150,152,168,103,166,88,120,118,133,167,132,135,182,198,185,202,131,130,101,73,58,186,169,105,106,122,139,71,54,56,39,40,72
119,136,134,104,151,117,150,152,168,103,166,88,120,118,133,167,132,135,182,198,185,202,131,130,101,73,58,186,169,105,106,122,139,71,54,56,39,40,72,137,107
119,136,134,104,151,117,150,152,168,103,166,88,120,118,133,167,132,135,182,198,185,202,131,130,101,73,58,186,169,105,106,122,139,71,54,56,39,40,72,137,107,89,121
119,136,134,104,151,117,150,152,168,103,166,88,120,118,133,58
119,136,134,104,151,117,150,152,168,103,166,88,120,118,133,58,73
119,136,134,104,151,117,150,152,168,103,167
119,136,134,104,151,117,150,152,168,103,167,120,88
119,136,134,104,151,117,150,152,168,103,167,120,88,102,101
119,136,134,104,151,117,150,152,168,103,167,120,88,102,101,105,106
119,136,134,104,151,117,150,152,168,103,167,120,88,102,101,105,106,137,154
119,136,134,104,151,117,150,152,168,103,167,120,88,102,101,105,106,137,154,121,153
119,136,134,104,151,117,150,152,168,103,167,120,88,102,101,105,106,137,154,121,153,86,69
119,136,134,104,151,117,150,152,168,103,167,120,88,102,101,105,106,137,154,121,153,86,69,138,135,183,87
119,136,134,104,151,117,150,152,168,103,167,120,88,102,101,105,106,137,154,121,153,86,69,138,135,183,87,140
119,136,134,104,151,117,150,152,168,103,167,120,88,102,101,105,106,137,154,121,153,86,69,138,135,183,87,140,139
119,136,134,104,151,117,150,152,168,103,167,120,88,102,101,105,106,137,154,121,153,86,69,138,135,183,87,140,139,124,155
119,136,134,104,151,117,150,152,168,103,167,120,88,102,101,105,106,137,154,121,153,86,69,138,135,183,87,140,139,124,155,73
119,136,134,104,151,117,150,152,168,103,167,120,88,102,101,105,106,137,154,121,153,86,69,138,135,183,87,140,139,124,155,73,89
119,136,134,104,151,117,150,152,168,103,167,120,88,102,101,105,106,137,154,121,153,86,69,138,135,183,87,140,139,124,155,73,89,122
119,136,134,104,151,117,150,152,168,103,167,120,88,102,101,105,106,137,154,121,153,86,69,138,135,183,87,140,139,124,155,73,89,122,123
119,136,134,104,151,117,150,152,168,103,167,120,88,102,101,105,106,137,154,121,153,86,69,138,135,183,87,140,139,124,155,73,89,122,123,107
119,136,134,104,151,117,150,152,168,103,167,120,88,102,101,105,106,137,154,121,153,86,69,138,135,183,87,140,139,124,155,73,89,122,123,107,92
119,136,134,104,152
119,136,134,104,152,151,166,121,150
119,136,134,149
119,136,134,149,104,152
119,136,134,149,104,152,121,150
119,136,134,149,104,152,121,150,151,167
119,136,134,149,104,152,121,150,151,167,74,89
119,136,134,149,104,152,121,150,151,167,74,89,87,70
119,136,134,149,104,152,121,150,151,167,74,89,87,70,103,135
119,136,134,149,104,152,121,150,151,167,74,89,87,70,103,135,55,71
119,136,134,149,104,152,121,150,151,167,74,89,87,70,103,135,55,71,138,155
119,136,134,149,104,152,121,150,151,167,74,89,87,70,103,135,55,71,138,155,106,105
119,136,134,149,104,89
119,136,134,149,104,89,103,105
119,136,134,149,104,89,103,105,87,71
119,136,134,149,104,89,103,105,87,71,151,135
119,136,134,149,104,89,103,105,87,71,151,135,117,100
119,136,134,149,104,89,103,105,87,71,151,135,117,100,168,185
119,136,151,103
119,136,151,103,134,104
119,136,151,103,134,104,152,105
119,136,151,103,134,104,152,105,102,117
119,136,151,103,134,117,150,149,182,166,183,184,167,135,152,137,197,212,199,215,198,138,139,196,153,154,86,213,216,165,133,162
119,136,151,135,134,104
119,136,151,135,134,104,150,152
119,136,151,135,134,104,150,152,168,117
119,136,151,135,134,104,150,152,168,117,166,118
119,136,151,135,134,104,150,152,168,117,166,118,185,202
119,136,151,135,134,104,150,152,168,117,166,118,185,202,169,101,84,170
119,136,151,135,134,104,150,152,168,117,166,118,185,202,169,101,84,170,182,198
119,136,151,135,134,104,150,152,168,117,166,118,185,202,169,101,84,170,182,198,184,88,120,183